Kommentar: 
Zeit: 24.10.2011	12:41
Startenergie: 50
Endenergie: 190
Energieschritt: 0
Sensitivity: 300 mV
TC: 100 ms
Phase: Phase: 130
50	11
50.1	5
50.2	5
50.3	4
50.4	4
50.5	4
50.6	4
50.7	4
50.8	4
50.9	4
51	4
51.1	4
51.2	4
51.3	4
51.4	4
51.5	5
51.6	5
51.7	4
51.8	4
51.9	5
52	4
52.1	4
52.2	4
52.3	5
52.4	3
52.5	4
52.6	4
52.7	4
52.8	4
52.9	4
53	4
53.1	5
53.2	5
53.3	4
53.4	4
53.5	4
53.6	4
53.7	5
53.8	5
53.9	4
54	4
54.1	4
54.2	4
54.3	4
54.4	4
54.5	4
54.6	4
54.7	4
54.8	4
54.9	4
55	4
55.1	4
55.2	4
55.3	4
55.4	4
55.5	5
55.6	4
55.7	4
55.8	4
55.9	4
56	5
56.1	4
56.2	4
56.3	4
56.4	3
56.5	4
56.6	5
56.7	4
56.8	4
56.9	5
57	5
57.1	5
57.2	5
57.3	5
57.4	5
57.5	5
57.6	5
57.7	5
57.8	5
57.9	5
58	4
58.1	4
58.2	5
58.3	4
58.4	4
58.5	4
58.6	4
58.7	4
58.8	4
58.9	4
59	4
59.1	5
59.2	4
59.3	5
59.4	5
59.5	4
59.6	5
59.7	5
59.8	5
59.9	5
60	5
60.1	4
60.2	4
60.3	4
60.4	4
60.5	4
60.6	5
60.7	4
60.8	4
60.9	4
61	4
61.1	5
61.2	5
61.3	5
61.4	4
61.5	4
61.6	4
61.7	4
61.8	4
61.9	4
62	4
62.1	5
62.2	5
62.3	5
62.4	5
62.5	4
62.6	4
62.7	4
62.8	4
62.9	5
63	5
63.1	5
63.2	5
63.3	5
63.4	5
63.5	5
63.6	4
63.7	4
63.8	5
63.9	4
64	4
64.1	4
64.2	4
64.3	5
64.4	5
64.5	5
64.6	5
64.7	5
64.8	5
64.9	5
65	5
65.1	5
65.2	5
65.3	5
65.4	5
65.5	4
65.6	4
65.7	5
65.8	5
65.9	5
66	5
66.1	5
66.2	5
66.3	5
66.4	5
66.5	5
66.6	5
66.7	5
66.8	4
66.9	5
67	4
67.1	4
67.2	4
67.3	4
67.4	5
67.5	5
67.6	5
67.7	4
67.8	5
67.9	5
68	5
68.1	5
68.2	4
68.3	4
68.4	5
68.5	5
68.6	4
68.7	5
68.8	5
68.9	5
69	5
69.1	5
69.2	6
69.3	6
69.4	5
69.5	5
69.6	5
69.7	6
69.8	6
69.9	6
70	6
70.1	5
70.2	5
70.3	5
70.4	5
70.5	5
70.6	5
70.7	5
70.8	6
70.9	5
71	6
71.1	5
71.2	4
71.3	5
71.4	6
71.5	6
71.6	6
71.7	4
71.8	4
71.9	5
72	6
72.1	5
72.2	6
72.3	6
72.4	5
72.5	4
72.6	5
72.7	6
72.8	5
72.9	4
73	6
73.1	5
73.2	6
73.3	6
73.4	6
73.5	6
73.6	5
73.7	6
73.8	6
73.9	6
74	5
74.1	5
74.2	5
74.3	5
74.4	5
74.5	5
74.6	5
74.7	5
74.8	6
74.9	5
75	5
75.1	5
75.2	5
75.3	6
75.4	6
75.5	6
75.6	5
75.7	6
75.8	5
75.9	5
76	6
76.1	5
76.2	5
76.3	5
76.4	6
76.5	7
76.6	7
76.7	6
76.8	4
76.9	5
77	6
77.1	5
77.2	5
77.3	5
77.4	5
77.5	5
77.6	5
77.7	5
77.8	5
77.9	6
78	5
78.1	5
78.2	4
78.3	6
78.4	6
78.5	6
78.6	6
78.7	6
78.8	5
78.9	5
79	6
79.1	5
79.2	6
79.3	6
79.4	7
79.5	6
79.6	6
79.7	6
79.8	7
79.9	7
80	7
80.1	6
80.2	6
80.3	6
80.4	6
80.5	6
80.6	6
80.7	7
80.8	6
80.9	6
81	7
81.1	6
81.2	6
81.3	6
81.4	7
81.5	7
81.6	7
81.7	6
81.8	6
81.9	6
82	6
82.1	7
82.2	7
82.3	6
82.4	6
82.5	6
82.6	6
82.7	6
82.8	7
82.9	7
83	7
83.1	6
83.2	6
83.3	7
83.4	7
83.5	7
83.6	7
83.7	7
83.8	7
83.9	7
84	7
84.1	7
84.2	7
84.3	8
84.4	7
84.5	6
84.6	6
84.7	6
84.8	7
84.9	8
85	7
85.1	7
85.2	7
85.3	8
85.4	7
85.5	7
85.6	8
85.7	7
85.8	7
85.9	8
86	7
86.1	7
86.2	7
86.3	7
86.4	8
86.5	8
86.6	7
86.7	7
86.8	7
86.9	6
87	6
87.1	6
87.2	8
87.3	8
87.4	7
87.5	7
87.6	6
87.7	7
87.8	8
87.9	7
88	8
88.1	7
88.2	8
88.3	7
88.4	7
88.5	7
88.6	8
88.7	7
88.8	7
88.9	8
89	8
89.1	7
89.2	8
89.3	7
89.4	6
89.5	7
89.6	7
89.7	7
89.8	7
89.9	8
90	8
90.1	8
90.2	8
90.3	9
90.4	8
90.5	8
90.6	7
90.7	7
90.8	8
90.9	8
91	8
91.1	8
91.2	8
91.3	7
91.4	8
91.5	8
91.6	8
91.7	6
91.8	7
91.9	7
92	7
92.1	7
92.2	7
92.3	8
92.4	7
92.5	7
92.6	7
92.7	7
92.8	6
92.9	7
93	7
93.1	8
93.2	8
93.3	8
93.4	9
93.5	9
93.6	8
93.7	10
93.8	9
93.9	9
94	9
94.1	10
94.2	10
94.3	9
94.4	9
94.5	10
94.6	9
94.7	9
94.8	8
94.9	10
95	10
95.1	9
95.2	9
95.3	9
95.4	9
95.5	10
95.6	9
95.7	10
95.8	11
95.9	10
96	10
96.1	10
96.2	10
96.3	10
96.4	11
96.5	11
96.6	11
96.7	11
96.8	10
96.9	10
97	11
97.1	10
97.2	10
97.3	11
97.4	11
97.5	10
97.6	11
97.7	11
97.8	11
97.9	10
98	10
98.1	11
98.2	11
98.3	12
98.4	12
98.5	12
98.6	11
98.7	11
98.8	11
98.9	11
99	10
99.1	12
99.2	12
99.3	11
99.4	11
99.5	11
99.6	11
99.7	10
99.8	11
99.9	12
100	12
100.1	12
100.2	11
100.3	11
100.4	11
100.5	10
100.6	11
100.7	11
100.8	12
100.9	13
101	12
101.1	12
101.2	11
101.3	11
101.4	12
101.5	12
101.6	11
101.7	11
101.8	10
101.9	11
102	11
102.1	11
102.2	11
102.3	11
102.4	11
102.5	10
102.6	10
102.7	10
102.8	10
102.9	10
103	10
103.1	11
103.2	11
103.3	11
103.4	10
103.5	10
103.6	11
103.7	11
103.8	11
103.9	10
104	10
104.1	11
104.2	10
104.3	9
104.4	10
104.5	10
104.6	10
104.7	10
104.8	10
104.9	11
105	10
105.1	10
105.2	10
105.3	9
105.4	10
105.5	11
105.6	11
105.7	11
105.8	10
105.9	11
106	11
106.1	11
106.2	11
106.3	12
106.4	13
106.5	12
106.6	12
106.7	11
106.8	10
106.9	11
107	12
107.1	12
107.2	11
107.3	11
107.4	12
107.5	13
107.6	12
107.7	12
107.8	12
107.9	13
108	12
108.1	12
108.2	12
108.3	13
108.4	12
108.5	12
108.6	13
108.7	13
108.8	13
108.9	13
109	14
109.1	13
109.2	12
109.3	12
109.4	12
109.5	12
109.6	12
109.7	12
109.8	14
109.9	13
110	12
110.1	12
110.2	12
110.3	14
110.4	14
110.5	13
110.6	12
110.7	13
110.8	13
110.9	14
111	14
111.1	13
111.2	14
111.3	13
111.4	15
111.5	15
111.6	14
111.7	14
111.8	14
111.9	14
112	15
112.1	15
112.2	14
112.3	15
112.4	17
112.5	14
112.6	15
112.7	16
112.8	15
112.9	15
113	17
113.1	15
113.2	17
113.3	16
113.4	16
113.5	16
113.6	17
113.7	18
113.8	16
113.9	16
114	17
114.1	16
114.2	16
114.3	16
114.4	16
114.5	19
114.6	17
114.7	16
114.8	17
114.9	17
115	16
115.1	17
115.2	17
115.3	18
115.4	18
115.5	18
115.6	19
115.7	18
115.8	17
115.9	17
116	17
116.1	18
116.2	17
116.3	16
116.4	16
116.5	17
116.6	19
116.7	17
116.8	18
116.9	18
117	18
117.1	17
117.2	17
117.3	15
117.4	16
117.5	17
117.6	15
117.7	15
117.8	16
117.9	16
118	16
118.1	16
118.2	16
118.3	15
118.4	14
118.5	14
118.6	15
118.7	15
118.8	13
118.9	13
119	12
119.1	13
119.2	12
119.3	13
119.4	14
119.5	13
119.6	13
119.7	13
119.8	12
119.9	12
120	13
120.1	12
120.2	11
120.3	12
120.4	13
120.5	12
120.6	12
120.7	12
120.8	13
120.9	11
121	12
121.1	13
121.2	13
121.3	13
121.4	13
121.5	13
121.6	14
121.7	13
121.8	15
121.9	13
122	13
122.1	14
122.2	14
122.3	13
122.4	14
122.5	15
122.6	13
122.7	14
122.8	15
122.9	15
123	14
123.1	15
123.2	16
123.3	16
123.4	15
123.5	15
123.6	14
123.7	16
123.8	16
123.9	16
124	15
124.1	17
124.2	17
124.3	18
124.4	16
124.5	15
124.6	15
124.7	17
124.8	18
124.9	17
125	17
125.1	18
125.2	17
125.3	17
125.4	17
125.5	16
125.6	17
125.7	17
125.8	17
125.9	16
126	17
126.1	18
126.2	19
126.3	19
126.4	18
126.5	18
126.6	19
126.7	20
126.8	19
126.9	20
127	20
127.1	19
127.2	21
127.3	21
127.4	21
127.5	23
127.6	22
127.7	21
127.8	22
127.9	23
128	23
128.1	24
128.2	24
128.3	25
128.4	26
128.5	25
128.6	26
128.7	25
128.8	24
128.9	26
129	26
129.1	26
129.2	28
129.3	30
129.4	28
129.5	28
129.6	29
129.7	29
129.8	28
129.9	31
130	31
130.1	30
130.2	32
130.3	30
130.4	30
130.5	32
130.6	33
130.7	32
130.8	33
130.9	34
131	34
131.1	35
131.2	34
131.3	34
131.4	34
131.5	36
131.6	35
131.7	36
131.8	36
131.9	35
132	36
132.1	34
132.2	35
132.3	34
132.4	34
132.5	37
132.6	37
132.7	35
132.8	34
132.9	34
133	35
133.1	33
133.2	33
133.3	31
133.4	29
133.5	31
133.6	30
133.7	28
133.8	28
133.9	28
134	25
134.1	23
134.2	23
134.3	22
134.4	19
134.5	17
134.6	16
134.7	14
134.8	13
134.9	12
135	10
135.1	9
135.2	8
135.3	7
135.4	6
135.5	5
135.6	5
135.7	5
135.8	4
135.9	4
136	4
136.1	5
136.2	4
136.3	5
136.4	6
136.5	6
136.6	8
136.7	5
136.8	6
136.9	6
137	8
137.1	9
137.2	9
137.3	9
137.4	11
137.5	11
137.6	14
137.7	14
137.8	15
137.9	15
138	17
138.1	17
138.2	18
138.3	20
138.4	19
138.5	20
138.6	20
138.7	20
138.8	19
138.9	20
139	22
139.1	22
139.2	22
139.3	23
139.4	22
139.5	22
139.6	19
139.7	22
139.8	23
139.9	23
140	20
140.1	23
140.2	22
140.3	24
140.4	22
140.5	22
140.6	24
140.7	22
140.8	21
140.9	22
141	22
141.1	22
141.2	21
141.3	21
141.4	21
141.5	22
141.6	21
141.7	22
141.8	22
141.9	24
142	25
142.1	25
142.2	24
142.3	24
142.4	26
142.5	27
142.6	27
142.7	25
142.8	27
142.9	27
143	31
143.1	32
143.2	32
143.3	30
143.4	33
143.5	33
143.6	35
143.7	34
143.8	33
143.9	34
144	34
144.1	38
144.2	37
144.3	39
144.4	38
144.5	42
144.6	42
144.7	44
144.8	43
144.9	43
145	45
145.1	44
145.2	45
145.3	46
145.4	48
145.5	49
145.6	50
145.7	51
145.8	50
145.9	51
146	55
146.1	52
146.2	54
146.3	59
146.4	59
146.5	59
146.6	64
146.7	64
146.8	63
146.9	67
147	73
147.1	75
147.2	73
147.3	81
147.4	82
147.5	85
147.6	91
147.7	95
147.8	98
147.9	103
148	103
148.1	103
148.2	107
148.3	112
148.4	113
148.5	114
148.6	118
148.7	117
148.8	119
148.9	119
149	118
149.1	110
149.2	109
149.3	107
149.4	107
149.5	103
149.6	89
149.7	86
149.8	80
149.9	62
150	58
150.1	54
150.2	31
150.3	23
150.4	14
150.5	-4
150.6	-11
150.7	-13
150.8	-32
150.9	-37
151	-37
151.1	-39
151.2	-53
151.3	-57
151.4	-56
151.5	-63
151.6	-64
151.7	-65
151.8	-65
151.9	-65
152	-63
152.1	-57
152.2	-55
152.3	-55
152.4	-49
152.5	-39
152.6	-36
152.7	-31
152.8	-21
152.9	-16
153	-14
153.1	-3
153.2	-2
153.3	3
153.4	6
153.5	9
153.6	9
153.7	12
153.8	15
153.9	16
154	14
154.1	13
154.2	16
154.3	15
154.4	8
154.5	4
154.6	1
154.7	-11
154.8	-14
154.9	-26
155	-32
155.1	-33
155.2	-33
155.3	-39
155.4	-55
155.5	-58
155.6	-67
155.7	-82
155.8	-85
155.9	-89
156	-104
156.1	-107
156.2	-108
156.3	-121
156.4	-127
156.5	-127
156.6	-132
156.7	-138
156.8	-139
156.9	-142
157	-147
157.1	-148
157.2	-146
157.3	-152
157.4	-154
157.5	-154
157.6	-155
157.7	-154
157.8	-155
157.9	-153
158	-150
158.1	-149
158.2	-149
158.3	-139
158.4	-135
158.5	-133
158.6	-113
158.7	-111
158.8	-102
158.9	-75
159	-68
159.1	-65
159.2	-40
159.3	-33
159.4	-31
159.5	-25
159.6	-5
159.7	0
159.8	7
159.9	21
160	26
160.1	30
160.2	37
160.3	38
160.4	37
160.5	39
160.6	41
160.7	39
160.8	35
160.9	28
161	27
161.1	29
161.2	16
161.3	9
161.4	8
161.5	4
161.6	0
161.7	10
161.8	37
161.9	36
162	37
162.1	69
162.2	129
162.3	146
162.4	221
162.5	317
162.6	332
162.7	427
162.8	584
162.9	602
163	631
163.1	935
163.2	1066
163.3	1402
163.4	1689
163.5	1786
163.6	1798
163.7	1799
163.8	2386
163.9	2679
164	2791
164.1	3409
164.2	3547
164.3	3687
164.4	3965
164.5	4032
164.6	3906
164.7	3791
164.8	3771
164.9	3766
165	3739
165.1	3171
165.2	2723
165.3	2619
165.4	1392
165.5	1065
165.6	499
165.7	-516
165.8	-673
165.9	-973
166	-1863
166.1	-2213
166.2	-2286
166.3	-2270
166.4	-2720
166.5	-3163
166.6	-3422
166.7	-3832
166.8	-4236
166.9	-4331
167	-4366
167.1	-4397
167.2	-4424
167.3	-4190
167.4	-3965
167.5	-3833
167.6	-3554
167.7	-3059
167.8	-2845
167.9	-2750
168	-2381
168.1	-1816
168.2	-1717
168.3	-1537
168.4	-1218
168.5	-1041
168.6	-887
168.7	-654
168.8	-526
168.9	-372
169	-235
169.1	-186
169.2	-154
169.3	-106
169.4	-74
169.5	-58
169.6	-44
169.7	-26
169.8	-18
169.9	-8
170	-4
170.1	-2
170.2	-1
170.3	0
170.4	0
170.5	1
170.6	1
170.7	2
170.8	2
170.9	2
171	2
171.1	2
171.2	2
171.3	2
171.4	2
171.5	2
171.6	2
171.7	2
171.8	2
171.9	2
172	2
172.1	2
172.2	2
172.3	1
172.4	1
172.5	1
172.6	2
172.7	1
172.8	1
172.9	1
173	1
173.1	1
173.2	1
173.3	0
173.4	1
173.5	0
173.6	0
173.7	0
173.8	0
173.9	0
174	0
174.1	0
174.2	0
174.3	0
174.4	0
174.5	0
174.6	0
174.7	0
174.8	0
174.9	0
175	0
175.1	0
175.2	0
175.3	0
175.4	0
175.5	0
175.6	0
175.7	0
175.8	0
175.9	0
176	0
176.1	0
176.2	0
176.3	0
176.4	0
176.5	0
176.6	0
176.7	0
176.8	0
176.9	0
177	0
177.1	0
177.2	0
177.3	1
177.4	0
177.5	1
177.6	1
177.7	0
177.8	1
177.9	0
178	1
178.1	0
178.2	1
178.3	1
178.4	1
178.5	1
178.6	1
178.7	1
178.8	1
178.9	1
179	1
179.1	1
179.2	0
179.3	1
179.4	1
179.5	1
179.6	1
179.7	1
179.8	1
179.9	1
180	1
180.1	1
180.2	1
180.3	1
180.4	1
180.5	1
180.6	1
180.7	1
180.8	1
180.9	1
181	1
181.1	1
181.2	1
181.3	1
181.4	1
181.5	1
181.6	1
181.7	1
181.8	1
181.9	1
182	1
182.1	1
182.2	1
182.3	1
182.4	1
182.5	1
182.6	1
182.7	1
182.8	1
182.9	1
183	1
183.1	1
183.2	1
183.3	1
183.4	1
183.5	1
183.6	1
183.7	1
183.8	1
183.9	1
184	1
184.1	1
184.2	1
184.3	1
184.4	1
184.5	1
184.6	1
184.7	1
184.8	1
184.9	1
185	1
185.1	1
185.2	1
185.3	1
185.4	1
185.5	1
185.6	1
185.7	1
185.8	1
185.9	1
186	1
186.1	1
186.2	1
186.3	1
186.4	1
186.5	1
186.6	1
186.7	1
186.8	1
186.9	1
187	1
187.1	1
187.2	1
187.3	1
187.4	1
187.5	1
187.6	1
187.7	1
187.8	1
187.9	1
188	1
188.1	1
188.2	1
188.3	1
188.4	1
188.5	1
188.6	1
188.7	1
188.8	1
188.9	1
189	1
189.1	1
189.2	1
189.3	1
189.4	1
189.5	1
189.6	1
189.7	1
189.8	1
189.9	1
190	1
