Kommentar: 
Zeit: 24.10.2011	12:12
Startenergie: 850
Endenergie: 1060
Energieschritt: 0
Sensitivity: 300 mV
TC: 100 ms
Phase: Phase: 130
850	17
850.1	17
850.2	13
850.3	14
850.4	24
850.5	23
850.6	4
850.7	9
850.8	9
850.9	17
851	11
851.1	16
851.2	14
851.3	26
851.4	21
851.5	20
851.6	19
851.7	33
851.8	14
851.9	27
852	24
852.1	17
852.2	36
852.3	41
852.4	18
852.5	28
852.6	28
852.7	36
852.8	39
852.9	34
853	36
853.1	41
853.2	21
853.3	20
853.4	5
853.5	6
853.6	9
853.7	10
853.8	31
853.9	26
854	18
854.1	38
854.2	36
854.3	35
854.4	34
854.5	26
854.6	29
854.7	21
854.8	26
854.9	32
855	29
855.1	17
855.2	22
855.3	23
855.4	27
855.5	29
855.6	20
855.7	20
855.8	21
855.9	13
856	23
856.1	24
856.2	19
856.3	32
856.4	40
856.5	40
856.6	48
856.7	13
856.8	12
856.9	30
857	30
857.1	23
857.2	20
857.3	17
857.4	16
857.5	8
857.6	6
857.7	17
857.8	21
857.9	25
858	29
858.1	20
858.2	16
858.3	14
858.4	20
858.5	21
858.6	5
858.7	4
858.8	9
858.9	19
859	1
859.1	6
859.2	23
859.3	30
859.4	30
859.5	14
859.6	22
859.7	35
859.8	24
859.9	17
860	27
860.1	32
860.2	30
860.3	23
860.4	33
860.5	47
860.6	36
860.7	31
860.8	46
860.9	36
861	25
861.1	16
861.2	31
861.3	40
861.4	31
861.5	29
861.6	19
861.7	19
861.8	28
861.9	32
862	30
862.1	25
862.2	9
862.3	1
862.4	12
862.5	24
862.6	25
862.7	42
862.8	43
862.9	45
863	37
863.1	41
863.2	25
863.3	13
863.4	29
863.5	24
863.6	33
863.7	51
863.8	60
863.9	40
864	17
864.1	14
864.2	1
864.3	9
864.4	15
864.5	25
864.6	24
864.7	14
864.8	18
864.9	10
865	9
865.1	18
865.2	42
865.3	41
865.4	31
865.5	31
865.6	20
865.7	6
865.8	10
865.9	9
866	18
866.1	3
866.2	-1
866.3	7
866.4	23
866.5	37
866.6	47
866.7	33
866.8	22
866.9	24
867	35
867.1	31
867.2	12
867.3	22
867.4	18
867.5	28
867.6	30
867.7	22
867.8	15
867.9	14
868	-6
868.1	6
868.2	15
868.3	23
868.4	37
868.5	41
868.6	33
868.7	43
868.8	32
868.9	24
869	16
869.1	2
869.2	-7
869.3	15
869.4	30
869.5	19
869.6	14
869.7	1
869.8	3
869.9	11
870	3
870.1	7
870.2	21
870.3	24
870.4	22
870.5	14
870.6	17
870.7	21
870.8	23
870.9	35
871	21
871.1	15
871.2	33
871.3	32
871.4	39
871.5	8
871.6	0
871.7	16
871.8	5
871.9	28
872	36
872.1	44
872.2	42
872.3	47
872.4	40
872.5	25
872.6	23
872.7	5
872.8	3
872.9	7
873	23
873.1	44
873.2	48
873.3	34
873.4	18
873.5	13
873.6	27
873.7	18
873.8	17
873.9	33
874	18
874.1	2
874.2	34
874.3	12
874.4	19
874.5	43
874.6	40
874.7	48
874.8	32
874.9	45
875	22
875.1	8
875.2	9
875.3	10
875.4	7
875.5	33
875.6	39
875.7	42
875.8	26
875.9	27
876	21
876.1	38
876.2	25
876.3	28
876.4	35
876.5	36
876.6	49
876.7	34
876.8	43
876.9	39
877	25
877.1	29
877.2	33
877.3	56
877.4	35
877.5	42
877.6	27
877.7	43
877.8	42
877.9	39
878	44
878.1	34
878.2	15
878.3	8
878.4	20
878.5	23
878.6	23
878.7	40
878.8	35
878.9	31
879	16
879.1	40
879.2	42
879.3	31
879.4	34
879.5	25
879.6	26
879.7	10
879.8	27
879.9	26
880	21
880.1	9
880.2	20
880.3	29
880.4	30
880.5	25
880.6	27
880.7	21
880.8	19
880.9	34
881	27
881.1	13
881.2	-8
881.3	0
881.4	22
881.5	28
881.6	17
881.7	7
881.8	9
881.9	23
882	28
882.1	29
882.2	38
882.3	22
882.4	47
882.5	26
882.6	11
882.7	15
882.8	3
882.9	3
883	34
883.1	28
883.2	16
883.3	49
883.4	43
883.5	15
883.6	45
883.7	37
883.8	21
883.9	34
884	20
884.1	26
884.2	27
884.3	19
884.4	29
884.5	9
884.6	12
884.7	16
884.8	8
884.9	5
885	14
885.1	18
885.2	25
885.3	16
885.4	15
885.5	4
885.6	11
885.7	16
885.8	15
885.9	24
886	19
886.1	17
886.2	4
886.3	24
886.4	27
886.5	21
886.6	10
886.7	21
886.8	19
886.9	11
887	40
887.1	30
887.2	30
887.3	32
887.4	35
887.5	43
887.6	47
887.7	37
887.8	28
887.9	32
888	31
888.1	43
888.2	29
888.3	50
888.4	28
888.5	24
888.6	16
888.7	29
888.8	40
888.9	16
889	9
889.1	24
889.2	33
889.3	35
889.4	26
889.5	12
889.6	29
889.7	26
889.8	33
889.9	25
890	20
890.1	9
890.2	28
890.3	32
890.4	28
890.5	57
890.6	48
890.7	55
890.8	49
890.9	41
891	39
891.1	46
891.2	28
891.3	51
891.4	42
891.5	47
891.6	72
891.7	56
891.8	45
891.9	33
892	53
892.1	50
892.2	36
892.3	37
892.4	24
892.5	29
892.6	31
892.7	54
892.8	47
892.9	43
893	33
893.1	38
893.2	35
893.3	35
893.4	45
893.5	42
893.6	20
893.7	39
893.8	37
893.9	32
894	28
894.1	47
894.2	47
894.3	43
894.4	34
894.5	28
894.6	5
894.7	6
894.8	24
894.9	20
895	29
895.1	44
895.2	33
895.3	34
895.4	36
895.5	36
895.6	18
895.7	11
895.8	16
895.9	19
896	24
896.1	39
896.2	54
896.3	39
896.4	22
896.5	27
896.6	28
896.7	24
896.8	31
896.9	28
897	45
897.1	29
897.2	17
897.3	9
897.4	27
897.5	28
897.6	30
897.7	18
897.8	7
897.9	35
898	20
898.1	34
898.2	20
898.3	35
898.4	35
898.5	20
898.6	9
898.7	13
898.8	28
898.9	14
899	21
899.1	12
899.2	32
899.3	25
899.4	30
899.5	11
899.6	17
899.7	27
899.8	27
899.9	12
900	21
900.1	14
900.2	6
900.3	11
900.4	27
900.5	10
900.6	9
900.7	7
900.8	1
900.9	17
901	30
901.1	27
901.2	17
901.3	30
901.4	17
901.5	20
901.6	9
901.7	9
901.8	16
901.9	40
902	32
902.1	35
902.2	33
902.3	39
902.4	52
902.5	35
902.6	26
902.7	43
902.8	40
902.9	28
903	35
903.1	55
903.2	51
903.3	43
903.4	33
903.5	47
903.6	24
903.7	36
903.8	16
903.9	28
904	59
904.1	41
904.2	32
904.3	44
904.4	39
904.5	47
904.6	51
904.7	51
904.8	50
904.9	51
905	56
905.1	55
905.2	54
905.3	54
905.4	49
905.5	56
905.6	54
905.7	67
905.8	55
905.9	55
906	58
906.1	70
906.2	37
906.3	26
906.4	54
906.5	65
906.6	59
906.7	45
906.8	58
906.9	50
907	66
907.1	75
907.2	55
907.3	71
907.4	45
907.5	41
907.6	54
907.7	81
907.8	56
907.9	70
908	57
908.1	42
908.2	52
908.3	72
908.4	36
908.5	24
908.6	46
908.7	80
908.8	53
908.9	65
909	42
909.1	61
909.2	69
909.3	43
909.4	38
909.5	41
909.6	44
909.7	43
909.8	50
909.9	23
910	21
910.1	25
910.2	43
910.3	49
910.4	43
910.5	48
910.6	34
910.7	22
910.8	26
910.9	41
911	58
911.1	55
911.2	47
911.3	55
911.4	33
911.5	31
911.6	65
911.7	36
911.8	38
911.9	40
912	32
912.1	28
912.2	42
912.3	33
912.4	34
912.5	13
912.6	33
912.7	9
912.8	4
912.9	24
913	40
913.1	35
913.2	16
913.3	29
913.4	27
913.5	23
913.6	3
913.7	14
913.8	27
913.9	16
914	14
914.1	12
914.2	16
914.3	36
914.4	12
914.5	22
914.6	25
914.7	13
914.8	18
914.9	27
915	9
915.1	11
915.2	8
915.3	14
915.4	25
915.5	45
915.6	30
915.7	15
915.8	36
915.9	21
916	21
916.1	-1
916.2	5
916.3	35
916.4	10
916.5	8
916.6	14
916.7	26
916.8	17
916.9	15
917	19
917.1	45
917.2	27
917.3	10
917.4	26
917.5	23
917.6	8
917.7	2
917.8	13
917.9	41
918	34
918.1	35
918.2	44
918.3	28
918.4	35
918.5	47
918.6	57
918.7	52
918.8	30
918.9	38
919	33
919.1	33
919.2	64
919.3	63
919.4	48
919.5	52
919.6	58
919.7	30
919.8	46
919.9	49
920	63
920.1	75
920.2	49
920.3	75
920.4	56
920.5	45
920.6	42
920.7	51
920.8	52
920.9	67
921	60
921.1	49
921.2	71
921.3	69
921.4	60
921.5	56
921.6	73
921.7	57
921.8	54
921.9	47
922	80
922.1	50
922.2	68
922.3	73
922.4	85
922.5	76
922.6	82
922.7	84
922.8	79
922.9	90
923	65
923.1	79
923.2	51
923.3	76
923.4	81
923.5	75
923.6	79
923.7	92
923.8	89
923.9	68
924	91
924.1	92
924.2	88
924.3	84
924.4	77
924.5	90
924.6	93
924.7	83
924.8	65
924.9	51
925	69
925.1	81
925.2	69
925.3	57
925.4	68
925.5	59
925.6	64
925.7	63
925.8	66
925.9	69
926	76
926.1	57
926.2	62
926.3	56
926.4	81
926.5	61
926.6	48
926.7	52
926.8	58
926.9	44
927	59
927.1	62
927.2	56
927.3	53
927.4	40
927.5	48
927.6	40
927.7	39
927.8	20
927.9	41
928	37
928.1	43
928.2	50
928.3	32
928.4	27
928.5	33
928.6	22
928.7	31
928.8	40
928.9	22
929	46
929.1	26
929.2	48
929.3	22
929.4	28
929.5	35
929.6	42
929.7	20
929.8	23
929.9	16
930	40
930.1	38
930.2	20
930.3	10
930.4	22
930.5	35
930.6	41
930.7	14
930.8	31
930.9	28
931	18
931.1	24
931.2	18
931.3	38
931.4	23
931.5	48
931.6	39
931.7	30
931.8	59
931.9	40
932	33
932.1	26
932.2	20
932.3	23
932.4	25
932.5	41
932.6	49
932.7	47
932.8	39
932.9	30
933	23
933.1	44
933.2	58
933.3	44
933.4	49
933.5	50
933.6	65
933.7	61
933.8	23
933.9	51
934	58
934.1	47
934.2	45
934.3	43
934.4	65
934.5	46
934.6	51
934.7	41
934.8	68
934.9	78
935	77
935.1	96
935.2	91
935.3	88
935.4	68
935.5	73
935.6	92
935.7	86
935.8	90
935.9	115
936	85
936.1	90
936.2	98
936.3	113
936.4	106
936.5	100
936.6	102
936.7	98
936.8	112
936.9	123
937	130
937.1	134
937.2	105
937.3	120
937.4	121
937.5	117
937.6	131
937.7	134
937.8	148
937.9	125
938	124
938.1	118
938.2	118
938.3	150
938.4	124
938.5	112
938.6	121
938.7	141
938.8	127
938.9	128
939	127
939.1	140
939.2	119
939.3	155
939.4	159
939.5	135
939.6	151
939.7	153
939.8	143
939.9	127
940	137
940.1	145
940.2	141
940.3	137
940.4	118
940.5	122
940.6	129
940.7	129
940.8	139
940.9	123
941	132
941.1	116
941.2	137
941.3	125
941.4	136
941.5	135
941.6	130
941.7	119
941.8	122
941.9	137
942	133
942.1	119
942.2	126
942.3	123
942.4	114
942.5	98
942.6	93
942.7	88
942.8	127
942.9	102
943	100
943.1	99
943.2	122
943.3	88
943.4	80
943.5	104
943.6	76
943.7	71
943.8	80
943.9	74
944	72
944.1	69
944.2	74
944.3	64
944.4	44
944.5	43
944.6	66
944.7	75
944.8	48
944.9	46
945	51
945.1	49
945.2	62
945.3	55
945.4	35
945.5	44
945.6	54
945.7	72
945.8	60
945.9	30
946	38
946.1	45
946.2	35
946.3	33
946.4	14
946.5	25
946.6	19
946.7	20
946.8	14
946.9	9
947	21
947.1	21
947.2	11
947.3	21
947.4	46
947.5	26
947.6	20
947.7	36
947.8	15
947.9	17
948	29
948.1	32
948.2	49
948.3	50
948.4	57
948.5	40
948.6	52
948.7	27
948.8	45
948.9	31
949	14
949.1	30
949.2	24
949.3	32
949.4	50
949.5	71
949.6	71
949.7	82
949.8	77
949.9	74
950	70
950.1	84
950.2	54
950.3	64
950.4	81
950.5	79
950.6	77
950.7	93
950.8	97
950.9	100
951	112
951.1	109
951.2	114
951.3	116
951.4	137
951.5	116
951.6	113
951.7	124
951.8	138
951.9	133
952	115
952.1	148
952.2	175
952.3	153
952.4	139
952.5	168
952.6	167
952.7	177
952.8	153
952.9	158
953	162
953.1	159
953.2	182
953.3	172
953.4	189
953.5	201
953.6	181
953.7	177
953.8	192
953.9	192
954	201
954.1	206
954.2	213
954.3	226
954.4	208
954.5	214
954.6	195
954.7	208
954.8	195
954.9	202
955	210
955.1	224
955.2	230
955.3	213
955.4	211
955.5	209
955.6	212
955.7	223
955.8	220
955.9	233
956	217
956.1	246
956.2	232
956.3	216
956.4	218
956.5	221
956.6	219
956.7	202
956.8	236
956.9	229
957	233
957.1	226
957.2	210
957.3	197
957.4	230
957.5	192
957.6	213
957.7	228
957.8	204
957.9	192
958	194
958.1	179
958.2	170
958.3	180
958.4	168
958.5	155
958.6	146
958.7	159
958.8	155
958.9	157
959	150
959.1	146
959.2	124
959.3	157
959.4	136
959.5	130
959.6	127
959.7	140
959.8	133
959.9	112
960	114
960.1	123
960.2	113
960.3	86
960.4	78
960.5	86
960.6	100
960.7	96
960.8	83
960.9	84
961	58
961.1	56
961.2	67
961.3	55
961.4	50
961.5	61
961.6	74
961.7	59
961.8	42
961.9	50
962	56
962.1	62
962.2	44
962.3	32
962.4	42
962.5	37
962.6	43
962.7	35
962.8	49
962.9	28
963	28
963.1	37
963.2	42
963.3	15
963.4	22
963.5	46
963.6	63
963.7	58
963.8	33
963.9	28
964	32
964.1	46
964.2	69
964.3	63
964.4	54
964.5	48
964.6	57
964.7	71
964.8	71
964.9	63
965	65
965.1	87
965.2	74
965.3	92
965.4	108
965.5	100
965.6	121
965.7	92
965.8	91
965.9	118
966	111
966.1	136
966.2	128
966.3	133
966.4	146
966.5	140
966.6	141
966.7	167
966.8	166
966.9	165
967	173
967.1	157
967.2	190
967.3	194
967.4	195
967.5	208
967.6	213
967.7	235
967.8	220
967.9	230
968	225
968.1	280
968.2	262
968.3	280
968.4	245
968.5	278
968.6	275
968.7	285
968.8	292
968.9	303
969	323
969.1	332
969.2	317
969.3	316
969.4	353
969.5	351
969.6	348
969.7	325
969.8	346
969.9	355
970	339
970.1	352
970.2	349
970.3	360
970.4	382
970.5	357
970.6	379
970.7	389
970.8	368
970.9	386
971	392
971.1	394
971.2	383
971.3	410
971.4	395
971.5	406
971.6	423
971.7	414
971.8	403
971.9	401
972	402
972.1	402
972.2	380
972.3	385
972.4	382
972.5	374
972.6	363
972.7	363
972.8	385
972.9	375
973	383
973.1	365
973.2	358
973.3	353
973.4	350
973.5	358
973.6	317
973.7	318
973.8	351
973.9	315
974	310
974.1	303
974.2	307
974.3	291
974.4	280
974.5	278
974.6	269
974.7	252
974.8	245
974.9	238
975	234
975.1	223
975.2	193
975.3	203
975.4	188
975.5	189
975.6	175
975.7	169
975.8	169
975.9	150
976	172
976.1	172
976.2	137
976.3	117
976.4	124
976.5	92
976.6	107
976.7	91
976.8	92
976.9	82
977	69
977.1	77
977.2	44
977.3	52
977.4	44
977.5	11
977.6	33
977.7	26
977.8	18
977.9	24
978	21
978.1	4
978.2	0
978.3	9
978.4	0
978.5	0
978.6	-12
978.7	-19
978.8	-1
978.9	-8
979	10
979.1	11
979.2	-18
979.3	14
979.4	0
979.5	26
979.6	33
979.7	5
979.8	31
979.9	12
980	32
980.1	38
980.2	13
980.3	23
980.4	23
980.5	42
980.6	39
980.7	60
980.8	71
980.9	75
981	66
981.1	87
981.2	83
981.3	87
981.4	106
981.5	126
981.6	108
981.7	133
981.8	123
981.9	131
982	155
982.1	159
982.2	188
982.3	179
982.4	190
982.5	195
982.6	219
982.7	217
982.8	243
982.9	240
983	281
983.1	264
983.2	286
983.3	295
983.4	293
983.5	323
983.6	356
983.7	346
983.8	346
983.9	364
984	397
984.1	380
984.2	417
984.3	413
984.4	423
984.5	438
984.6	476
984.7	459
984.8	470
984.9	471
985	496
985.1	482
985.2	517
985.3	527
985.4	509
985.5	528
985.6	526
985.7	540
985.8	562
985.9	560
986	575
986.1	592
986.2	627
986.3	608
986.4	588
986.5	596
986.6	632
986.7	628
986.8	599
986.9	615
987	633
987.1	623
987.2	628
987.3	599
987.4	607
987.5	614
987.6	626
987.7	630
987.8	624
987.9	624
988	627
988.1	580
988.2	588
988.3	590
988.4	600
988.5	598
988.6	595
988.7	564
988.8	556
988.9	556
989	538
989.1	519
989.2	498
989.3	533
989.4	537
989.5	461
989.6	466
989.7	458
989.8	422
989.9	432
990	416
990.1	362
990.2	366
990.3	363
990.4	308
990.5	301
990.6	296
990.7	290
990.8	259
990.9	227
991	229
991.1	201
991.2	193
991.3	176
991.4	145
991.5	145
991.6	109
991.7	76
991.8	65
991.9	75
992	33
992.1	9
992.2	28
992.3	3
992.4	-10
992.5	-6
992.6	-32
992.7	-67
992.8	-88
992.9	-81
993	-91
993.1	-100
993.2	-137
993.3	-139
993.4	-144
993.5	-150
993.6	-147
993.7	-150
993.8	-175
993.9	-182
994	-195
994.1	-199
994.2	-177
994.3	-210
994.4	-185
994.5	-202
994.6	-216
994.7	-214
994.8	-197
994.9	-200
995	-194
995.1	-188
995.2	-205
995.3	-204
995.4	-211
995.5	-207
995.6	-176
995.7	-151
995.8	-183
995.9	-175
996	-171
996.1	-145
996.2	-126
996.3	-124
996.4	-108
996.5	-110
996.6	-82
996.7	-70
996.8	-47
996.9	-27
997	-35
997.1	-21
997.2	-5
997.3	12
997.4	25
997.5	43
997.6	79
997.7	51
997.8	85
997.9	111
998	129
998.1	142
998.2	162
998.3	195
998.4	207
998.5	262
998.6	280
998.7	303
998.8	346
998.9	318
999	344
999.1	353
999.2	380
999.3	407
999.4	440
999.5	488
999.6	486
999.7	504
999.8	526
999.9	540
1000	563
1000.1	632
1000.2	648
1000.3	664
1000.4	710
1000.5	709
1000.6	721
1000.7	735
1000.8	766
1000.9	782
1001	776
1001.1	842
1001.2	836
1001.3	875
1001.4	889
1001.5	898
1001.6	911
1001.7	941
1001.8	928
1001.9	936
1002	943
1002.1	987
1002.2	987
1002.3	996
1002.4	1013
1002.5	1039
1002.6	1020
1002.7	1037
1002.8	1042
1002.9	1061
1003	1025
1003.1	1058
1003.2	1070
1003.3	1059
1003.4	1062
1003.5	1071
1003.6	1053
1003.7	1064
1003.8	1074
1003.9	1046
1004	1032
1004.1	1021
1004.2	1013
1004.3	973
1004.4	975
1004.5	957
1004.6	916
1004.7	913
1004.8	923
1004.9	885
1005	832
1005.1	806
1005.2	801
1005.3	722
1005.4	728
1005.5	702
1005.6	634
1005.7	607
1005.8	581
1005.9	521
1006	525
1006.1	541
1006.2	515
1006.3	442
1006.4	406
1006.5	381
1006.6	329
1006.7	313
1006.8	283
1006.9	198
1007	190
1007.1	164
1007.2	114
1007.3	108
1007.4	107
1007.5	73
1007.6	4
1007.7	10
1007.8	-2
1007.9	-87
1008	-97
1008.1	-143
1008.2	-185
1008.3	-186
1008.4	-226
1008.5	-262
1008.6	-286
1008.7	-313
1008.8	-387
1008.9	-405
1009	-413
1009.1	-455
1009.2	-463
1009.3	-451
1009.4	-475
1009.5	-507
1009.6	-508
1009.7	-543
1009.8	-572
1009.9	-570
1010	-582
1010.1	-602
1010.2	-627
1010.3	-608
1010.4	-606
1010.5	-601
1010.6	-602
1010.7	-631
1010.8	-657
1010.9	-649
1011	-637
1011.1	-619
1011.2	-636
1011.3	-609
1011.4	-620
1011.5	-613
1011.6	-595
1011.7	-567
1011.8	-577
1011.9	-573
1012	-586
1012.1	-552
1012.2	-550
1012.3	-527
1012.4	-485
1012.5	-491
1012.6	-490
1012.7	-420
1012.8	-420
1012.9	-380
1013	-310
1013.1	-304
1013.2	-333
1013.3	-277
1013.4	-242
1013.5	-238
1013.6	-204
1013.7	-132
1013.8	-104
1013.9	-63
1014	-8
1014.1	17
1014.2	32
1014.3	132
1014.4	137
1014.5	152
1014.6	186
1014.7	254
1014.8	292
1014.9	297
1015	392
1015.1	422
1015.2	467
1015.3	546
1015.4	588
1015.5	648
1015.6	735
1015.7	759
1015.8	807
1015.9	876
1016	918
1016.1	904
1016.2	915
1016.3	1022
1016.4	1021
1016.5	1063
1016.6	1163
1016.7	1197
1016.8	1206
1016.9	1280
1017	1323
1017.1	1342
1017.2	1384
1017.3	1446
1017.4	1460
1017.5	1497
1017.6	1548
1017.7	1543
1017.8	1557
1017.9	1640
1018	1644
1018.1	1691
1018.2	1744
1018.3	1758
1018.4	1808
1018.5	1854
1018.6	1845
1018.7	1840
1018.8	1861
1018.9	1898
1019	1906
1019.1	1923
1019.2	1930
1019.3	1938
1019.4	1934
1019.5	1932
1019.6	1936
1019.7	1915
1019.8	1888
1019.9	1874
1020	1844
1020.1	1792
1020.2	1781
1020.3	1766
1020.4	1689
1020.5	1602
1020.6	1584
1020.7	1575
1020.8	1462
1020.9	1439
1021	1359
1021.1	1289
1021.2	1276
1021.3	1211
1021.4	1055
1021.5	1060
1021.6	1052
1021.7	938
1021.8	877
1021.9	858
1022	749
1022.1	686
1022.2	680
1022.3	641
1022.4	532
1022.5	530
1022.6	514
1022.7	401
1022.8	385
1022.9	400
1023	343
1023.1	282
1023.2	277
1023.3	184
1023.4	105
1023.5	95
1023.6	22
1023.7	-98
1023.8	-93
1023.9	-185
1024	-321
1024.1	-332
1024.2	-399
1024.3	-536
1024.4	-556
1024.5	-590
1024.6	-567
1024.7	-730
1024.8	-766
1024.9	-798
1025	-922
1025.1	-905
1025.2	-941
1025.3	-1011
1025.4	-998
1025.5	-1020
1025.6	-1081
1025.7	-1079
1025.8	-1115
1025.9	-1137
1026	-1185
1026.1	-1176
1026.2	-1184
1026.3	-1294
1026.4	-1302
1026.5	-1331
1026.6	-1424
1026.7	-1434
1026.8	-1451
1026.9	-1559
1027	-1593
1027.1	-1568
1027.2	-1611
1027.3	-1691
1027.4	-1711
1027.5	-1714
1027.6	-1780
1027.7	-1764
1027.8	-1775
1027.9	-1801
1028	-1797
1028.1	-1767
1028.2	-1754
1028.3	-1764
1028.4	-1759
1028.5	-1741
1028.6	-1714
1028.7	-1718
1028.8	-1693
1028.9	-1644
1029	-1645
1029.1	-1621
1029.2	-1566
1029.3	-1566
1029.4	-1539
1029.5	-1482
1029.6	-1461
1029.7	-1422
1029.8	-1335
1029.9	-1320
1030	-1308
1030.1	-1252
1030.2	-1150
1030.3	-1134
1030.4	-1018
1030.5	-847
1030.6	-809
1030.7	-669
1030.8	-476
1030.9	-443
1031	-370
1031.1	-44
1031.2	16
1031.3	-16
1031.4	160
1031.5	436
1031.6	481
1031.7	619
1031.8	886
1031.9	935
1032	1158
1032.1	1336
1032.2	1331
1032.3	1378
1032.4	1626
1032.5	1699
1032.6	1813
1032.7	1952
1032.8	1984
1032.9	1996
1033	2092
1033.1	2309
1033.2	2331
1033.3	2508
1033.4	2722
1033.5	2783
1033.6	2980
1033.7	3250
1033.8	3300
1033.9	3513
1034	3833
1034.1	3883
1034.2	3887
1034.3	3964
1034.4	4371
1034.5	4449
1034.6	4609
1034.7	4885
1034.8	4928
1034.9	5011
1035	5165
1035.1	5209
1035.2	5231
1035.3	5232
1035.4	5221
1035.5	5195
1035.6	5103
1035.7	5003
1035.8	4945
1035.9	4715
1036	4529
1036.1	4542
1036.2	4425
1036.3	4071
1036.4	3944
1036.5	3820
1036.6	3480
1036.7	3420
1036.8	3219
1036.9	2895
1037	2841
1037.1	2830
1037.2	2713
1037.3	2472
1037.4	2422
1037.5	2208
1037.6	2084
1037.7	2088
1037.8	1930
1037.9	1742
1038	1734
1038.1	1503
1038.2	1188
1038.3	1149
1038.4	1142
1038.5	1025
1038.6	474
1038.7	338
1038.8	244
1038.9	-431
1039	-580
1039.1	-692
1039.2	-1444
1039.3	-1601
1039.4	-1745
1039.5	-2483
1039.6	-2564
1039.7	-2578
1039.8	-2995
1039.9	-3500
1040	-3576
1040.1	-3760
1040.2	-4349
1040.3	-4522
1040.4	-4723
1040.5	-5269
1040.6	-5444
1040.7	-5532
1040.8	-6063
1040.9	-6222
1041	-6441
1041.1	-6863
1041.2	-6909
1041.3	-6897
1041.4	-6947
1041.5	-7204
1041.6	-7255
1041.7	-7369
1041.8	-7554
1041.9	-7610
1042	-7616
1042.1	-7838
1042.2	-7921
1042.3	-8209
1042.4	-8392
1042.5	-8430
1042.6	-8460
1042.7	-8553
1042.8	-8931
1042.9	-9023
1043	-9491
1043.1	-9668
1043.2	-9700
1043.3	-9887
1043.4	-10352
1043.5	-10451
1043.6	-10528
1043.7	-11004
1043.8	-11115
1043.9	-11140
1044	-11228
1044.1	-11453
1044.2	-11494
1044.3	-11527
1044.4	-11590
1044.5	-11585
1044.6	-11523
1044.7	-11344
1044.8	-11301
1044.9	-11280
1045	-10745
1045.1	-10620
1045.2	-10349
1045.3	-9743
1045.4	-9680
1045.5	-9651
1045.6	-9618
1045.7	-8812
1045.8	-8649
1045.9	-8265
1046	-7686
1046.1	-7522
1046.2	-7373
1046.3	-6635
1046.4	-6479
1046.5	-6289
1046.6	-5680
1046.7	-5464
1046.8	-5429
1046.9	-5151
1047	-4604
1047.1	-4468
1047.2	-4396
1047.3	-3733
1047.4	-3549
1047.5	-3319
1047.6	-2792
1047.7	-2630
1047.8	-2496
1047.9	-2034
1048	-1899
1048.1	-1863
1048.2	-1844
1048.3	-1452
1048.4	-1344
1048.5	-1255
1048.6	-979
1048.7	-904
1048.8	-879
1048.9	-673
1049	-589
1049.1	-570
1049.2	-438
1049.3	-383
1049.4	-343
1049.5	-262
1049.6	-236
1049.7	-236
1049.8	-209
1049.9	-158
1050	-141
1050.1	-131
1050.2	-82
1050.3	-74
1050.4	-59
1050.5	-39
1050.6	-35
1050.7	-30
1050.8	-18
1050.9	-14
1051	-16
1051.1	-11
1051.2	-7
1051.3	-5
1051.4	-3
1051.5	-2
1051.6	-1
1051.7	-1
1051.8	0
1051.9	1
1052	1
1052.1	1
1052.2	1
1052.3	1
1052.4	0
1052.5	0
1052.6	1
1052.7	0
1052.8	2
1052.9	1
1053	2
1053.1	3
1053.2	1
1053.3	0
1053.4	1
1053.5	0
1053.6	0
1053.7	0
1053.8	2
1053.9	1
1054	1
1054.1	2
1054.2	0
1054.3	0
1054.4	1
1054.5	2
1054.6	0
1054.7	0
1054.8	3
1054.9	2
1055	0
1055.1	0
1055.2	1
1055.3	3
1055.4	2
1055.5	1
1055.6	2
1055.7	1
1055.8	0
1055.9	3
1056	3
1056.1	3
1056.2	1
1056.3	2
1056.4	1
1056.5	0
1056.6	0
1056.7	0
1056.8	1
1056.9	3
1057	3
1057.1	2
1057.2	4
1057.3	2
1057.4	2
1057.5	2
1057.6	2
1057.7	3
1057.8	2
1057.9	0
1058	2
1058.1	2
1058.2	2
1058.3	1
1058.4	1
1058.5	2
1058.6	0
1058.7	3
1058.8	2
1058.9	1
1059	2
1059.1	2
1059.2	1
1059.3	1
1059.4	0
1059.5	2
1059.6	4
1059.7	3
1059.8	1
1059.9	1
1060	3
