2
1
1
1
1
2
1
1
1
2
1
2
1
2
2
2
1
2
1
1
2
2
1
2
1
2
1
2
1
2
1
1
2
2
1
1
1
1
1
2
1
1
1
1
1
2
2
2
2
2
1
2
1
2
1
2
1
2
2
1
1
2
1
2
1
2
2
1
1
1
1
2
1
2
1
1
1
1
1
2
1
1
1
1
1
2
2
2
1
2
2
2
1
1
1
2
1
1
1
1
1
1
1
2
1
2
2
2
1
2
1
1
1
2
1
2
1
2
2
1
1
2
1
2
1
1
1
1
1
2
2
2
2
1
1
1
1
2
1
1
1
2
1
1
1
2
2
2
1
1
1
1
2
1
2
2
2
1
1
1
1
1
1
2
1
2
1
1
1
2
2
2
1
2
1
2
2
2
1
2
1
1
1
2
2
2
1
1
1
2
1
1
2
2
2
2
2
2
2
1
1
1
1
2
1
1
1
2
2
1
1
1
1
1
2
2
1
2
1
2
1
2
1
1
1
1
1
2
1
1
1
1
1
1
1
2
1
1
1
2
1
2
1
2
1
1
1
1
2
1
1
2
2
2
1
2
1
1
1
2
1
1
2
2
1
1
1
2
1
1
1
2
1
2
1
1
1
2
1
2
1
1
1
2
1
2
1
2
1
1
1
1
1
2
1
1
1
1
1
1
1
1
1
2
1
2
1
2
1
1
1
2
1
1
1
2
1
1
1
1
1
2
1
1
1
2
1
1
1
1
1
2
1
2
1
2
1
2
1
1
1
2
1
1
1
2
1
1
1
2
1
2
1
2
1
2
1
2
1
1
1
2
1
2
1
2
1
1
1
2
1
1
2
2
1
2
2
2
1
2
2
2
2
2
2
2
1
2
1
2
1
2
2
2
1
2
1
2
2
2
2
2
1
2
1
2
1
2
2
2
2
2
2
2
2
2
2
2
2
2
2
2
2
2
2
2
2
2
2
2
2
2
2
3
2
3
3
3
3
3
3
3
3
3
3
4
3
3
3
4
3
4
3
4
4
4
4
5
4
4
5
5
5
5
4
5
5
6
6
6
5
5
5
6
6
6
7
7
7
7
6
7
7
8
8
8
8
8
8
8
8
9
9
10
12
12
11
11
12
12
11
12
11
11
10
10
12
11
11
11
12
13
13
15
13
14
15
16
16
17
18
18
18
20
20
19
23
23
24
26
26
26
30
32
32
34
34
36
40
38
40
41
42
44
45
42
45
47
52
49
52
49
46
54
59
57
51
57
56
58
62
60
67
71
73
74
68
68
73
78
82
80
78
79
79
86
88
88
89
95
97
98
101
100
103
103
105
106
110
109
109
113
116
115
116
116
119
121
117
121
123
128
127
131
135
138
134
133
138
137
142
139
144
146
159
159
153
159
154
156
156
161
159
160
167
163
160
167
161
158
159
160
158
165
163
160
153
164
173
173
176
177
176
173
179
185
180
180
185
176
177
180
169
179
183
180
170
171
173
173
181
192
202
190
171
175
169
167
188
187
176
168
185
179
184
175
190
191
170
172
174
182
177
158
161
162
162
156
161
161
170
176
175
163
148
161
180
167
164
157
150
145
157
161
168
156
163
151
145
150
151
146
143
137
140
147
145
134
141
138
128
123
117
120
113
117
116
119
116
113
115
112
106
104
104
109
98
94
97
102
97
95
102
101
100
95
93
94
89
89
95
95
91
89
82
79
84
80
74
72
75
75
77
74
71
64
66
65
64
62
60
59
63
64
61
54
50
51
48
51
50
51
50
44
44
45
44
42
44
45
41
38
35
36
33
33
37
34
36
36
34
32
33
33
31
29
28
25
22
24
23
24
22
19
19
20
21
19
20
18
18
16
18
17
19
17
15
17
16
16
14
13
12
11
12
13
12
12
11
11
11
11
12
12
13
12
12
11
10
9
8
8
7
8
8
9
8
8
7
8
6
6
6
6
6
7
6
6
5
5
4
5
5
5
5
4
3
4
4
4
3
3
3
3
4
3
2
3
3
3
2
3
2
2
3
2
2
3
2
2
2
2
2
2
2
2
2
2
2
2
2
2
1
2
2
2
2
2
2
2
1
2
2
2
2
2
2
2
1
2
2
2
1
2
2
2
2
2
2
2
2
2
1
2
1
1
2
2
1
1
2
1
1
2
1
2
1
1
1
2
1
2
1
2
1
2
1
2
1
2
1
2
1
1
1
2
2
2
2
1
1
2
1
2
2
2
1
2
1
2
1
1
1
1
1
2
1
1
1
2
1
2
1
2
1
2
1
2
2
2
1
2
1
2
1
2
1
1
1
2
1
2
1
2
2
2
1
2
1
1
1
2
1
2
1
2
1
1
1
2
1
2
1
1
1
2
1
2
1
2
1
2
1
1
2
2
1
1
1
1
1
2
1
2
1
2
1
2
1
1
1
2
1
2
1
1
1
2
1
2
1
1
2
2
1
2
1
1
1
2
1
2
1
2
1
2
1
2
1
2
2
1
1
2
1
1
2
2
1
1
1
2
2
2
1
2
1
2
1
2
2
2
1
2
1
2
2
2
1
2
1
2
1
2
1
2
2
2
1
2
1
2
1
2
1
2
1
2
1
2
1
2
1
2
1
2
1
2
2
2
1
2
1
2
1
2
1
2
2
2
1
2
2
2
1
2
2
2
1
2
1
2
1
2
2
2
1
2
2
2
1
2
2
2
1
2
2
2
1
2
1
2
1
2
1
2
2
2
1
2
2
2
1
2
1
2
1
2
1
2
1
2
1
2
1
2
1
2
1
2
1
2
1
2
1
1
1
2
2
2
1
2
1
2
1
2
2
2
1
2
1
2
1
2
1
2
1
2
2
2
2
2
2
2
2
2
2
2
2
2
2
2
1
2
1
2
1
2
1
2
