0
0
0
0
0
0
0
0
0
0
0
0
0
0
0
0
0
0
0
0
0
0
0
0
0
0
0
0
0
0
0
0
0
0
0
0
0
0
0
0
0
0
0
0
0
0
0
0
0
0
0
0
0
0
0
0
0
0
0
0
0
0
0
0
0
0
0
0
0
0
0
0
0
0
0
0
0
0
0
0
0
0
0
0
0
0
0
0
0
0
0
0
0
0
0
0
0
0
0
0
0
0
0
0
0
0
0
0
0
0
0
0
0
0
0
0
0
2
2
2
2
1
2
1
2
1
2
2
1
2
1
2
1
2
1
2
2
1
2
1
2
1
2
1
2
1
2
2
2
2
1
2
1
2
1
2
2
1
1
2
2
1
2
1
2
2
1
2
1
2
2
2
1
2
1
2
2
1
2
1
2
1
2
1
2
2
1
2
1
2
1
2
1
2
2
1
2
1
2
1
2
1
2
2
1
2
1
2
1
2
1
2
1
1
2
1
2
1
2
2
2
1
2
2
1
2
2
1
2
1
2
1
1
2
1
1
1
2
1
2
1
2
2
1
2
1
2
1
2
2
2
2
1
2
1
2
1
2
1
2
1
1
2
1
2
1
2
2
2
1
2
1
1
2
1
2
1
2
2
2
1
2
2
2
2
2
2
1
2
1
1
2
2
2
1
2
1
2
2
1
2
2
2
1
2
1
2
1
2
2
1
2
2
2
1
2
2
1
2
2
2
1
2
1
2
1
2
1
1
2
2
2
1
2
2
2
1
2
1
2
2
2
1
1
2
1
2
2
2
2
2
2
1
2
1
2
2
2
1
1
2
2
2
2
2
2
1
2
1
2
1
2
1
2
2
2
2
2
2
1
2
1
2
1
2
2
2
2
2
2
2
2
2
2
2
2
2
2
2
2
2
2
2
2
2
2
2
2
2
2
2
2
2
2
2
2
2
2
2
2
2
2
2
2
2
2
2
2
3
3
3
3
3
3
3
3
3
3
3
3
3
4
3
3
4
4
4
4
4
4
4
4
4
5
5
5
5
6
6
6
5
6
7
6
6
5
7
6
6
6
7
6
6
7
8
9
8
9
7
9
9
10
9
10
11
10
11
12
14
12
11
12
13
12
11
12
12
13
13
14
14
14
15
16
15
16
18
21
21
20
20
22
21
23
25
26
24
24
23
22
24
26
26
23
24
24
23
23
23
25
26
27
31
35
32
34
34
32
37
38
40
41
41
38
38
37
36
39
40
39
41
40
40
40
39
38
38
41
42
44
43
44
46
50
50
52
53
49
52
53
54
53
50
48
51
48
49
54
51
46
43
48
54
57
61
58
64
61
61
56
55
57
56
58
59
57
60
57
55
55
58
59
59
56
54
57
62
66
62
61
56
57
56
53
49
52
53
57
54
56
56
61
56
48
49
47
54
49
48
49
47
46
43
43
44
41
38
36
33
35
36
36
36
37
38
38
39
40
38
34
33
33
34
31
30
29
27
27
26
25
25
24
26
23
23
21
21
22
20
21
20
21
20
22
22
23
22
21
20
19
18
18
18
20
19
19
18
20
22
20
18
20
21
22
21
22
24
24
25
25
26
30
33
34
35
33
37
40
35
38
42
41
40
36
38
38
38
42
46
45
45
47
54
57
57
56
59
60
61
64
69
68
69
75
76
76
76
78
77
72
76
72
71
73
73
71
77
74
77
80
83
86
93
93
93
95
101
98
98
99
95
97
99
96
98
95
91
91
87
87
87
83
85
82
80
83
80
77
86
84
86
82
84
86
84
83
85
91
88
82
82
81
77
78
79
75
76
73
71
70
71
69
69
72
70
72
68
70
68
74
76
72
75
72
72
70
75
75
76
72
71
80
77
69
69
70
72
69
69
73
72
73
80
74
73
78
80
90
93
89
86
88
88
90
85
88
82
82
85
89
84
84
83
78
81
79
83
90
90
92
92
92
94
90
105
105
101
102
102
100
94
94
92
97
94
92
90
93
87
83
85
82
82
88
86
82
81
83
84
85
86
82
83
79
85
83
79
75
74
73
69
73
70
67
66
59
59
59
59
53
51
52
50
50
47
49
44
42
39
38
38
39
38
37
36
36
34
29
30
29
26
25
25
24
22
25
22
21
21
18
19
20
20
19
18
16
16
17
17
17
17
17
18
18
19
20
20
18
17
18
15
17
17
16
17
17
18
18
19
19
20
22
24
26
29
28
27
28
33
31
31
34
35
35
37
39
38
39
41
42
42
39
38
39
43
40
38
50
51
50
50
54
56
58
59
57
56
61
62
60
60
57
60
56
52
55
51
55
56
55
54
52
54
52
53
53
56
58
60
62
62
65
66
64
63
63
65
65
64
65
65
65
60
60
54
51
48
47
44
46
49
50
50
50
54
57
59
59
60
61
58
59
55
57
54
56
53
51
53
49
46
42
43
40
38
37
38
38
37
35
35
36
35
35
34
34
35
34
34
32
31
33
29
29
29
28
27
25
26
27
25
25
24
23
24
23
21
21
19
19
20
19
20
20
18
18
19
19
17
18
17
17
16
15
14
14
14
14
13
13
13
13
12
12
12
12
11
11
11
11
11
10
10
10
10
9
0
0
0
0
0
0
0
0
0
0
0
0
0
0
0
0
0
0
0
0
0
0
0
0
0
0
0
0
0
0
0
0
0
0
0
0
0
0
0
0
0
0
0
0
0
0
0
0
0
0
0
0
0
0
0
0
0
0
0
0
0
0
0
0
0
0
0
0
0
0
0
0
0
0
0
0
0
0
0
0
0
0
0
0
0
0
0
0
0
0
0
0
0
0
0
0
0
0
0
0
0
0
0
0
0
0
0
0
0
0
0
0
0
0
0
0
0
0
0
0
0
0
0
0
0
0
0
0
0
0
0
0
0
0
