0
0
0
0
0
0
0
0
0
0
0
0
0
0
0
0
0
0
0
0
0
0
0
0
0
0
0
0
0
0
0
0
0
0
0
0
0
0
0
0
0
0
0
0
0
0
0
0
0
0
0
0
0
0
0
0
0
0
0
0
0
0
0
0
0
0
0
0
0
0
0
0
0
0
0
0
0
0
0
0
0
0
0
0
0
0
0
0
0
0
0
0
0
0
0
0
0
0
0
0
0
0
0
1
2
1
1
2
2
1
2
1
1
1
1
1
1
1
2
1
2
2
1
2
2
1
1
2
2
2
1
1
1
2
2
2
1
2
1
1
2
1
2
2
1
2
2
1
2
2
2
2
1
1
1
1
1
1
2
2
2
1
2
1
1
2
2
2
2
1
1
1
1
2
1
1
1
1
2
2
1
2
1
1
2
1
2
2
1
2
1
2
2
1
2
2
1
2
2
2
2
2
1
2
2
1
2
1
1
1
1
2
1
1
2
1
1
2
1
2
2
1
1
2
1
2
1
2
1
1
2
1
2
2
1
1
1
2
2
2
2
1
2
1
2
2
2
2
1
2
1
1
1
2
1
2
2
1
2
1
1
1
2
2
2
2
2
2
1
2
1
2
2
2
2
2
1
2
2
1
2
1
2
1
1
2
1
1
2
1
1
2
1
1
1
1
1
2
1
2
1
2
2
2
2
2
1
2
2
1
2
1
1
2
2
1
2
1
2
1
2
2
1
1
2
1
2
2
1
2
1
1
2
2
1
2
2
2
1
1
2
2
1
2
1
1
2
1
2
2
1
1
2
1
1
1
2
1
1
1
1
1
2
2
1
2
1
1
2
1
1
2
1
2
2
2
2
1
2
2
1
2
2
2
2
2
1
2
2
1
2
1
2
2
1
2
1
2
2
2
2
2
2
2
2
2
2
2
1
1
1
2
2
1
2
1
1
2
1
1
2
1
1
2
2
2
2
2
2
2
2
2
1
2
2
2
2
2
2
2
2
2
2
1
2
2
2
2
2
2
2
2
2
2
2
2
2
2
2
2
2
2
2
2
2
2
3
2
2
2
2
2
3
2
3
3
3
2
3
3
3
3
3
3
3
3
3
3
3
3
3
3
3
3
4
3
4
4
4
3
4
4
4
5
5
4
5
5
5
5
6
5
6
6
6
6
7
6
6
7
6
6
6
7
7
7
7
9
8
11
10
11
14
12
11
12
12
14
14
13
15
14
14
14
14
15
17
17
15
16
17
21
19
19
18
20
20
22
25
25
24
28
26
31
35
33
28
29
34
32
27
25
27
32
30
30
35
39
43
45
46
49
47
46
43
54
57
57
62
55
57
57
60
60
59
66
69
62
61
64
62
66
73
81
87
98
93
100
105
102
90
90
90
102
110
110
111
97
89
91
92
95
93
93
104
102
97
92
94
92
92
108
113
124
136
132
127
139
145
156
162
163
166
161
140
138
139
146
146
127
117
117
137
137
148
153
152
152
149
146
145
151
176
176
174
157
157
163
169
163
164
173
170
172
167
166
174
163
160
164
147
144
145
155
159
159
169
169
179
174
174
164
154
155
160
152
150
151
150
139
139
134
151
151
143
139
139
149
157
153
147
144
136
133
145
143
135
127
121
112
113
112
112
106
102
98
93
99
100
101
102
104
97
94
96
91
84
83
82
87
87
87
87
84
76
77
76
67
68
65
63
59
58
56
58
53
55
47
47
47
53
59
59
47
28
22
22
11
6
10
9
7
5
4
4
7
8
8
11
11
15
24
27
34
38
40
40
42
37
44
47
44
46
50
52
52
53
49
48
44
45
50
50
56
57
54
56
55
55
60
64
67
81
81
80
85
85
87
81
81
83
79
87
87
82
78
79
76
77
73
84
85
85
86
99
99
105
112
121
124
130
128
137
143
138
140
140
130
131
131
131
133
124
122
119
112
115
120
119
122
133
137
147
145
140
137
139
147
147
151
155
158
156
164
159
141
138
136
134
133
126
129
131
132
133
145
140
140
152
143
143
155
150
147
137
136
132
134
138
132
125
129
127
120
109
109
109
111
116
117
109
106
111
117
113
114
123
120
117
118
121
113
105
102
101
104
103
92
92
80
83
75
79
81
77
79
80
74
70
68
66
71
71
71
70
70
71
68
71
66
62
61
62
59
57
56
56
53
48
52
51
49
48
45
42
44
44
44
42
44
43
42
42
39
37
35
34
32
32
32
32
29
29
28
27
27
25
25
24
22
26
26
25
23
24
23
20
20
20
20
19
19
15
18
17
16
14
14
13
12
12
10
10
10
11
10
9
10
10
9
9
9
9
9
9
8
8
7
7
7
7
6
6
6
6
5
5
6
5
6
5
4
5
5
4
5
4
4
4
4
4
4
4
4
4
4
4
3
3
4
3
3
3
3
3
3
3
3
3
3
3
2
3
3
3
3
3
2
3
3
2
3
2
2
3
2
2
3
2
2
2
3
2
2
2
3
2
2
2
2
2
2
2
2
2
2
2
2
2
2
2
2
2
2
2
2
2
2
2
2
2
2
2
2
2
2
2
2
2
2
2
2
2
2
2
2
2
2
2
2
2
2
2
1
2
1
2
2
1
2
2
2
2
2
1
2
2
2
2
2
1
2
2
2
2
1
2
2
2
2
2
2
2
1
2
2
2
2
2
2
2
2
2
2
2
2
0
0
0
0
0
0
0
0
0
0
0
0
0
0
0
0
0
0
0
0
0
0
0
0
0
0
0
0
0
0
0
0
0
0
0
0
0
0
0
0
0
0
0
0
0
0
0
0
0
0
0
0
0
0
0
0
0
0
0
0
0
0
0
0
0
0
0
0
0
0
0
0
0
0
0
0
0
0
0
0
0
0
0
0
0
0
0
0
0
0
0
0
0
0
