1
2
1
2
2
2
1
2
1
1
1
2
2
1
2
1
2
2
2
2
1
2
2
2
2
2
2
2
1
2
1
2
1
2
2
2
2
1
1
1
2
2
2
1
2
2
2
2
2
2
2
1
1
1
1
2
2
2
2
1
2
2
2
1
2
1
1
2
1
1
1
2
1
2
2
1
2
1
1
1
1
1
1
2
1
2
1
1
2
1
2
1
1
2
2
1
2
2
2
1
2
1
2
2
1
1
2
2
2
2
2
2
2
2
1
2
1
2
2
2
1
2
2
2
2
1
1
2
2
2
2
2
2
1
2
2
2
2
2
1
2
2
2
1
2
2
2
2
1
2
2
2
2
2
2
2
2
2
2
2
2
2
2
2
2
2
2
2
2
2
2
2
2
2
2
2
2
2
2
2
2
2
2
2
2
2
2
1
2
2
2
2
2
2
2
2
2
2
2
2
2
2
2
2
3
2
2
2
2
2
2
2
2
2
2
2
2
2
2
2
2
2
2
2
2
2
2
2
2
2
2
2
2
2
2
2
2
2
2
1
2
2
2
2
2
2
2
2
2
2
2
2
2
3
2
2
2
2
2
2
3
2
2
2
3
3
2
2
2
2
3
3
2
3
2
3
3
3
3
3
3
2
3
3
3
3
3
3
3
3
3
3
3
3
3
4
3
3
3
3
4
4
4
4
4
4
5
5
5
4
5
4
5
5
6
6
6
6
6
6
6
6
6
7
8
8
8
7
9
8
8
9
9
9
10
10
11
10
11
10
9
10
11
11
12
12
12
14
15
15
15
15
15
14
14
17
16
17
18
16
18
18
16
20
21
17
22
19
17
24
22
19
25
25
20
24
27
22
24
29
27
26
31
30
28
31
37
34
35
39
41
39
40
46
46
44
46
50
49
49
48
47
52
53
57
60
60
58
59
60
61
65
68
70
70
67
65
68
76
79
74
70
73
79
82
83
78
74
74
85
87
90
93
95
89
82
85
89
100
96
94
95
95
98
95
93
99
103
106
108
109
110
112
120
121
117
115
119
120
127
125
126
135
137
135
135
137
137
139
135
127
126
130
130
129
125
120
117
127
123
123
125
129
153
151
159
162
162
165
186
182
189
188
185
187
169
166
165
162
155
146
145
152
152
151
156
141
133
131
140
133
143
145
148
146
143
120
123
145
156
150
130
116
119
108
115
119
137
160
172
134
134
112
117
140
136
124
136
129
137
143
139
148
138
149
145
146
152
154
152
149
149
154
151
152
151
160
165
157
166
169
169
168
164
164
175
170
168
172
176
169
170
177
182
169
166
183
181
178
171
176
181
177
178
185
177
175
181
179
182
179
187
196
193
202
201
201
202
207
199
202
203
200
203
207
217
216
214
222
220
231
232
227
224
231
229
235
232
227
228
236
239
235
237
238
238
244
250
250
249
248
248
253
248
247
248
243
241
242
245
246
243
237
234
232
225
226
228
231
233
227
223
220
210
205
200
204
203
205
209
206
206
201
204
201
199
202
200
196
182
175
182
178
173
161
167
169
166
170
166
162
153
149
160
157
158
152
155
149
153
152
157
160
166
164
166
156
153
149
146
149
152
163
160
159
171
172
164
154
142
140
137
132
128
115
117
122
122
124
127
129
131
131
124
120
124
137
136
136
125
124
118
119
124
121
119
111
112
115
111
113
110
115
112
110
112
127
140
137
135
135
133
123
119
116
118
119
128
144
150
147
148
139
134
121
119
129
140
148
159
169
185
175
173
174
174
186
180
170
166
169
177
178
174
167
163
152
165
176
157
156
152
160
170
174
170
161
158
163
170
169
165
165
171
163
148
142
132
131
128
124
130
136
139
137
138
141
135
123
120
120
113
118
110
120
120
124
123
113
105
104
104
104
107
106
102
98
99
103
105
103
105
98
93
89
89
93
91
84
81
85
87
90
90
81
82
82
79
74
72
72
75
76
71
69
66
65
62
59
60
59
58
55
55
55
50
48
47
45
40
36
37
37
35
33
31
30
31
30
29
27
28
27
24
24
23
23
23
22
21
22
20
20
20
18
17
18
16
17
17
16
16
15
15
15
13
14
13
13
13
12
12
11
12
12
12
12
13
11
11
11
9
9
9
10
9
10
8
9
8
8
8
7
8
7
7
7
7
7
6
6
5
6
6
6
6
6
5
5
5
5
5
5
5
5
4
4
4
4
4
5
4
4
4
4
3
3
3
3
3
3
4
4
4
3
3
4
3
3
3
3
3
3
4
3
3
3
3
3
3
3
3
3
3
3
3
3
3
3
3
3
3
3
3
2
3
3
3
3
3
3
3
3
2
2
3
2
3
2
2
2
2
2
2
2
2
2
2
2
2
2
2
2
2
2
2
2
2
2
2
2
2
2
2
3
2
2
2
2
2
2
2
2
2
2
2
2
2
2
2
2
2
2
2
2
2
2
2
2
2
2
2
2
2
2
2
2
2
2
2
2
2
2
2
2
2
2
2
2
2
2
2
2
2
2
2
2
2
2
2
2
2
2
2
2
2
2
2
2
2
2
2
2
2
2
2
2
1
2
2
2
2
2
2
2
2
2
2
2
2
2
2
2
2
2
2
2
2
2
1
2
2
2
2
2
2
2
2
2
2
2
2
2
2
2
2
2
2
2
2
2
2
2
2
2
2
2
2
2
2
2
2
2
2
2
2
2
2
2
2
2
1
2
2
2
2
1
2
2
2
2
2
2
2
2
2
1
2
2
1
2
2
2
1
2
2
2
2
2
2
2
2
2
2
2
2
1
2
2
2
2
2
2
2
2
2
2
2
1
2
2
2
1
2
2
2
2
1
2
2
2
2
2
2
2
2
1
0
0
0
0
0
0
0
0
0
0
0
0
0
0
0
0
0
0
0
0
0
0
0
