Kommentar: 
Zeit: 24.10.2011	12:31
Startenergie: 200
Endenergie: 290
Energieschritt: 0
Sensitivity: 300 mV
TC: 100 ms
Phase: Phase: 130
200	14
200.1	21
200.2	24
200.3	23
200.4	21
200.5	20
200.6	21
200.7	20
200.8	18
200.9	19
201	21
201.1	19
201.2	19
201.3	19
201.4	20
201.5	17
201.6	20
201.7	19
201.8	17
201.9	18
202	18
202.1	20
202.2	21
202.3	22
202.4	22
202.5	19
202.6	20
202.7	21
202.8	21
202.9	21
203	19
203.1	20
203.2	22
203.3	23
203.4	21
203.5	24
203.6	21
203.7	19
203.8	23
203.9	22
204	21
204.1	20
204.2	22
204.3	25
204.4	23
204.5	22
204.6	23
204.7	25
204.8	23
204.9	23
205	23
205.1	22
205.2	24
205.3	24
205.4	25
205.5	25
205.6	26
205.7	26
205.8	27
205.9	27
206	27
206.1	27
206.2	29
206.3	30
206.4	30
206.5	33
206.6	32
206.7	30
206.8	27
206.9	29
207	28
207.1	28
207.2	30
207.3	29
207.4	30
207.5	29
207.6	30
207.7	34
207.8	33
207.9	33
208	32
208.1	31
208.2	32
208.3	33
208.4	36
208.5	35
208.6	35
208.7	35
208.8	35
208.9	37
209	40
209.1	39
209.2	37
209.3	38
209.4	39
209.5	39
209.6	39
209.7	41
209.8	41
209.9	43
210	44
210.1	45
210.2	43
210.3	43
210.4	45
210.5	43
210.6	46
210.7	46
210.8	47
210.9	46
211	44
211.1	44
211.2	45
211.3	45
211.4	46
211.5	47
211.6	47
211.7	48
211.8	51
211.9	51
212	51
212.1	51
212.2	50
212.3	49
212.4	52
212.5	52
212.6	48
212.7	49
212.8	50
212.9	50
213	50
213.1	53
213.2	54
213.3	55
213.4	55
213.5	54
213.6	52
213.7	53
213.8	53
213.9	52
214	50
214.1	47
214.2	48
214.3	48
214.4	50
214.5	51
214.6	53
214.7	47
214.8	46
214.9	45
215	45
215.1	43
215.2	44
215.3	44
215.4	42
215.5	38
215.6	38
215.7	33
215.8	30
215.9	34
216	33
216.1	31
216.2	27
216.3	27
216.4	26
216.5	26
216.6	27
216.7	23
216.8	20
216.9	17
217	19
217.1	18
217.2	17
217.3	15
217.4	14
217.5	14
217.6	12
217.7	8
217.8	10
217.9	13
218	16
218.1	18
218.2	12
218.3	13
218.4	14
218.5	16
218.6	17
218.7	18
218.8	17
218.9	15
219	14
219.1	16
219.2	19
219.3	18
219.4	18
219.5	19
219.6	19
219.7	19
219.8	19
219.9	21
220	20
220.1	21
220.2	21
220.3	19
220.4	17
220.5	18
220.6	20
220.7	18
220.8	19
220.9	20
221	21
221.1	20
221.2	19
221.3	21
221.4	20
221.5	24
221.6	22
221.7	21
221.8	22
221.9	23
222	24
222.1	23
222.2	25
222.3	27
222.4	25
222.5	26
222.6	27
222.7	29
222.8	30
222.9	33
223	35
223.1	34
223.2	34
223.3	35
223.4	37
223.5	41
223.6	42
223.7	38
223.8	42
223.9	43
224	43
224.1	43
224.2	46
224.3	48
224.4	52
224.5	53
224.6	50
224.7	50
224.8	53
224.9	54
225	52
225.1	55
225.2	58
225.3	58
225.4	59
225.5	60
225.6	60
225.7	60
225.8	64
225.9	67
226	67
226.1	70
226.2	71
226.3	73
226.4	72
226.5	76
226.6	76
226.7	80
226.8	80
226.9	81
227	84
227.1	85
227.2	88
227.3	86
227.4	92
227.5	92
227.6	92
227.7	94
227.8	97
227.9	99
228	97
228.1	104
228.2	107
228.3	109
228.4	112
228.5	110
228.6	110
228.7	114
228.8	120
228.9	116
229	117
229.1	118
229.2	119
229.3	121
229.4	122
229.5	119
229.6	124
229.7	121
229.8	119
229.9	120
230	113
230.1	115
230.2	114
230.3	108
230.4	105
230.5	99
230.6	90
230.7	90
230.8	88
230.9	84
231	75
231.1	72
231.2	62
231.3	52
231.4	46
231.5	40
231.6	26
231.7	24
231.8	21
231.9	6
232	1
232.1	-5
232.2	-12
232.3	-24
232.4	-27
232.5	-27
232.6	-36
232.7	-48
232.8	-49
232.9	-56
233	-58
233.1	-59
233.2	-61
233.3	-62
233.4	-63
233.5	-61
233.6	-62
233.7	-58
233.8	-59
233.9	-54
234	-53
234.1	-52
234.2	-42
234.3	-41
234.4	-40
234.5	-30
234.6	-28
234.7	-30
234.8	-19
234.9	-14
235	-14
235.1	-15
235.2	-5
235.3	-6
235.4	0
235.5	1
235.6	0
235.7	5
235.8	8
235.9	9
236	11
236.1	16
236.2	17
236.3	18
236.4	18
236.5	21
236.6	22
236.7	22
236.8	18
236.9	18
237	23
237.1	27
237.2	28
237.3	28
237.4	30
237.5	28
237.6	31
237.7	34
237.8	34
237.9	36
238	34
238.1	36
238.2	37
238.3	44
238.4	46
238.5	46
238.6	47
238.7	51
238.8	54
238.9	55
239	59
239.1	61
239.2	61
239.3	63
239.4	61
239.5	61
239.6	63
239.7	68
239.8	71
239.9	74
240	75
240.1	74
240.2	74
240.3	80
240.4	79
240.5	81
240.6	82
240.7	81
240.8	82
240.9	85
241	89
241.1	91
241.2	91
241.3	93
241.4	95
241.5	96
241.6	100
241.7	106
241.8	108
241.9	118
242	119
242.1	119
242.2	117
242.3	126
242.4	129
242.5	135
242.6	144
242.7	152
242.8	157
242.9	168
243	171
243.1	181
243.2	195
243.3	198
243.4	200
243.5	203
243.6	222
243.7	228
243.8	240
243.9	255
244	258
244.1	265
244.2	286
244.3	294
244.4	293
244.5	321
244.6	329
244.7	330
244.8	344
244.9	362
245	364
245.1	374
245.2	398
245.3	397
245.4	401
245.5	413
245.6	414
245.7	419
245.8	418
245.9	419
246	411
246.1	392
246.2	393
246.3	391
246.4	381
246.5	340
246.6	327
246.7	314
246.8	253
246.9	234
247	225
247.1	124
247.2	101
247.3	87
247.4	-25
247.5	-50
247.6	-50
247.7	-70
247.8	-149
247.9	-185
248	-212
248.1	-269
248.2	-285
248.3	-303
248.4	-333
248.5	-348
248.6	-353
248.7	-361
248.8	-364
248.9	-364
249	-366
249.1	-345
249.2	-331
249.3	-325
249.4	-291
249.5	-271
249.6	-259
249.7	-215
249.8	-192
249.9	-188
250	-143
250.1	-131
250.2	-115
250.3	-77
250.4	-64
250.5	-68
250.6	-67
250.7	-37
250.8	-35
250.9	-24
251	-11
251.1	-13
251.2	-11
251.3	-16
251.4	-18
251.5	-26
251.6	-40
251.7	-47
251.8	-51
251.9	-56
252	-80
252.1	-95
252.2	-110
252.3	-138
252.4	-147
252.5	-156
252.6	-176
252.7	-180
252.8	-188
252.9	-192
253	-196
253.1	-197
253.2	-196
253.3	-186
253.4	-187
253.5	-187
253.6	-179
253.7	-176
253.8	-173
253.9	-171
254	-167
254.1	-173
254.2	-183
254.3	-185
254.4	-186
254.5	-206
254.6	-211
254.7	-214
254.8	-218
254.9	-245
255	-249
255.1	-256
255.2	-288
255.3	-297
255.4	-308
255.5	-333
255.6	-339
255.7	-344
255.8	-376
255.9	-382
256	-378
256.1	-385
256.2	-399
256.3	-408
256.4	-409
256.5	-414
256.6	-413
256.7	-412
256.8	-399
256.9	-398
257	-390
257.1	-366
257.2	-364
257.3	-358
257.4	-357
257.5	-327
257.6	-315
257.7	-285
257.8	-239
257.9	-224
258	-215
258.1	-89
258.2	-43
258.3	-24
258.4	155
258.5	218
258.6	291
258.7	452
258.8	501
258.9	509
259	505
259.1	650
259.2	723
259.3	754
259.4	896
259.5	961
259.6	1106
259.7	1257
259.8	1277
259.9	1330
260	1763
260.1	1833
260.2	1845
260.3	2075
260.4	2736
260.5	2807
260.6	2899
260.7	3754
260.8	4112
260.9	4184
261	5095
261.1	5394
261.2	5494
261.3	6165
261.4	6374
261.5	6457
261.6	6464
261.7	6798
261.8	6960
261.9	6946
262	6903
262.1	6892
262.2	6877
262.3	6274
262.4	6049
262.5	5336
262.6	4442
262.7	4155
262.8	3754
262.9	1956
263	1375
263.1	1183
263.2	1084
263.3	-1232
263.4	-2233
263.5	-2907
263.6	-4979
263.7	-5457
263.8	-5653
263.9	-7120
264	-7925
264.1	-8086
264.2	-8551
264.3	-8837
264.4	-8968
264.5	-9003
264.6	-8761
264.7	-8757
264.8	-8745
264.9	-8478
265	-7977
265.1	-7701
265.2	-7298
265.3	-6687
265.4	-6266
265.5	-5106
265.6	-4727
265.7	-4543
265.8	-4474
265.9	-3841
266	-3318
266.1	-3033
266.2	-2534
266.3	-2011
266.4	-1820
266.5	-1505
266.6	-953
266.7	-740
266.8	-493
266.9	-379
267	-316
267.1	-229
267.2	-155
267.3	-109
267.4	-103
267.5	-93
267.6	-62
267.7	-41
267.8	-30
267.9	-19
268	-10
268.1	-4
268.2	-2
268.3	0
268.4	0
268.5	0
268.6	0
268.7	0
268.8	1
268.9	1
269	1
269.1	1
269.2	1
269.3	2
269.4	2
269.5	2
269.6	2
269.7	2
269.8	2
269.9	2
270	2
270.1	3
270.2	2
270.3	2
270.4	2
270.5	2
270.6	2
270.7	2
270.8	3
270.9	3
271	3
271.1	3
271.2	3
271.3	2
271.4	3
271.5	3
271.6	3
271.7	3
271.8	2
271.9	2
272	2
272.1	3
272.2	2
272.3	2
272.4	2
272.5	2
272.6	2
272.7	2
272.8	2
272.9	2
273	2
273.1	2
273.2	2
273.3	2
273.4	2
273.5	2
273.6	2
273.7	2
273.8	2
273.9	2
274	2
274.1	1
274.2	1
274.3	1
274.4	1
274.5	1
274.6	1
274.7	1
274.8	1
274.9	0
275	1
275.1	1
275.2	0
275.3	0
275.4	0
275.5	0
275.6	0
275.7	0
275.8	0
275.9	0
276	0
276.1	0
276.2	-1
276.3	0
276.4	0
276.5	0
276.6	0
276.7	0
276.8	-1
276.9	-1
277	-1
277.1	-1
277.2	-1
277.3	-1
277.4	-1
277.5	0
277.6	0
277.7	0
277.8	0
277.9	0
278	0
278.1	0
278.2	0
278.3	0
278.4	0
278.5	0
278.6	0
278.7	0
278.8	0
278.9	0
279	0
279.1	0
279.2	0
279.3	0
279.4	0
279.5	0
279.6	0
279.7	0
279.8	0
279.9	0
280	0
280.1	0
280.2	0
280.3	0
280.4	0
280.5	0
280.6	0
280.7	0
280.8	0
280.9	0
281	0
281.1	0
281.2	0
281.3	0
281.4	0
281.5	0
281.6	0
281.7	0
281.8	0
281.9	0
282	0
282.1	0
282.2	0
282.3	0
282.4	1
282.5	0
282.6	0
282.7	1
282.8	0
282.9	0
283	0
283.1	1
283.2	0
283.3	1
283.4	0
283.5	0
283.6	1
283.7	1
283.8	1
283.9	1
284	1
284.1	1
284.2	1
284.3	1
284.4	1
284.5	1
284.6	1
284.7	2
284.8	1
284.9	1
285	1
285.1	1
285.2	1
285.3	1
285.4	1
285.5	1
285.6	1
285.7	1
285.8	1
285.9	0
286	1
286.1	1
286.2	1
286.3	0
286.4	1
286.5	1
286.6	1
286.7	1
286.8	1
286.9	1
287	1
287.1	1
287.2	1
287.3	1
287.4	1
287.5	1
287.6	1
287.7	1
287.8	1
287.9	1
288	1
288.1	1
288.2	1
288.3	1
288.4	1
288.5	1
288.6	1
288.7	1
288.8	1
288.9	1
289	1
289.1	1
289.2	1
289.3	1
289.4	1
289.5	1
289.6	1
289.7	1
289.8	1
289.9	1
290	1
