Kommentar: 
Zeit: 24.10.2011	12:26
Startenergie: 140
Endenergie: 290
Energieschritt: 0
Sensitivity: 300 mV
TC: 100 ms
Phase: Phase: 130
140	30
140.1	29
140.2	29
140.3	32
140.4	31
140.5	27
140.6	30
140.7	28
140.8	27
140.9	31
141	32
141.1	33
141.2	32
141.3	31
141.4	28
141.5	26
141.6	27
141.7	32
141.8	29
141.9	28
142	31
142.1	29
142.2	30
142.3	28
142.4	30
142.5	27
142.6	29
142.7	31
142.8	31
142.9	29
143	28
143.1	34
143.2	34
143.3	32
143.4	30
143.5	31
143.6	30
143.7	28
143.8	26
143.9	30
144	31
144.1	32
144.2	33
144.3	35
144.4	37
144.5	38
144.6	38
144.7	36
144.8	34
144.9	34
145	32
145.1	33
145.2	35
145.3	39
145.4	41
145.5	34
145.6	32
145.7	31
145.8	35
145.9	36
146	34
146.1	33
146.2	34
146.3	33
146.4	33
146.5	35
146.6	38
146.7	38
146.8	38
146.9	32
147	35
147.1	40
147.2	36
147.3	36
147.4	40
147.5	40
147.6	40
147.7	41
147.8	39
147.9	36
148	39
148.1	38
148.2	35
148.3	38
148.4	34
148.5	36
148.6	33
148.7	34
148.8	29
148.9	28
149	31
149.1	40
149.2	38
149.3	41
149.4	41
149.5	40
149.6	40
149.7	41
149.8	39
149.9	36
150	35
150.1	32
150.2	35
150.3	34
150.4	38
150.5	40
150.6	39
150.7	39
150.8	37
150.9	34
151	37
151.1	37
151.2	41
151.3	39
151.4	34
151.5	37
151.6	36
151.7	38
151.8	39
151.9	39
152	36
152.1	34
152.2	38
152.3	34
152.4	32
152.5	34
152.6	35
152.7	37
152.8	40
152.9	34
153	39
153.1	37
153.2	35
153.3	36
153.4	33
153.5	36
153.6	39
153.7	36
153.8	37
153.9	29
154	28
154.1	29
154.2	32
154.3	34
154.4	34
154.5	37
154.6	39
154.7	41
154.8	35
154.9	36
155	39
155.1	37
155.2	40
155.3	44
155.4	41
155.5	41
155.6	36
155.7	40
155.8	37
155.9	32
156	37
156.1	38
156.2	32
156.3	35
156.4	39
156.5	38
156.6	39
156.7	35
156.8	37
156.9	37
157	36
157.1	32
157.2	32
157.3	39
157.4	42
157.5	40
157.6	41
157.7	40
157.8	42
157.9	42
158	42
158.1	41
158.2	42
158.3	35
158.4	31
158.5	33
158.6	33
158.7	40
158.8	40
158.9	40
159	44
159.1	41
159.2	41
159.3	40
159.4	38
159.5	41
159.6	39
159.7	39
159.8	41
159.9	44
160	47
160.1	41
160.2	37
160.3	40
160.4	33
160.5	40
160.6	45
160.7	42
160.8	41
160.9	40
161	43
161.1	42
161.2	41
161.3	45
161.4	43
161.5	41
161.6	46
161.7	48
161.8	44
161.9	40
162	45
162.1	47
162.2	46
162.3	48
162.4	51
162.5	49
162.6	47
162.7	37
162.8	40
162.9	46
163	45
163.1	43
163.2	44
163.3	45
163.4	47
163.5	47
163.6	44
163.7	47
163.8	44
163.9	42
164	46
164.1	49
164.2	42
164.3	38
164.4	39
164.5	43
164.6	44
164.7	42
164.8	44
164.9	45
165	47
165.1	44
165.2	43
165.3	40
165.4	37
165.5	41
165.6	41
165.7	48
165.8	44
165.9	42
166	41
166.1	42
166.2	41
166.3	45
166.4	45
166.5	38
166.6	37
166.7	42
166.8	40
166.9	40
167	42
167.1	47
167.2	45
167.3	40
167.4	42
167.5	42
167.6	49
167.7	43
167.8	41
167.9	42
168	42
168.1	43
168.2	41
168.3	45
168.4	37
168.5	41
168.6	43
168.7	39
168.8	43
168.9	40
169	40
169.1	44
169.2	45
169.3	47
169.4	42
169.5	34
169.6	32
169.7	34
169.8	41
169.9	46
170	49
170.1	48
170.2	43
170.3	33
170.4	30
170.5	35
170.6	39
170.7	41
170.8	46
170.9	41
171	38
171.1	37
171.2	40
171.3	41
171.4	38
171.5	34
171.6	35
171.7	38
171.8	42
171.9	43
172	42
172.1	46
172.2	38
172.3	38
172.4	42
172.5	41
172.6	45
172.7	48
172.8	43
172.9	41
173	46
173.1	40
173.2	44
173.3	40
173.4	39
173.5	36
173.6	37
173.7	33
173.8	42
173.9	41
174	47
174.1	48
174.2	43
174.3	45
174.4	45
174.5	43
174.6	47
174.7	39
174.8	43
174.9	45
175	48
175.1	58
175.2	51
175.3	40
175.4	44
175.5	43
175.6	41
175.7	45
175.8	47
175.9	47
176	53
176.1	59
176.2	52
176.3	48
176.4	47
176.5	49
176.6	51
176.7	57
176.8	56
176.9	53
177	49
177.1	50
177.2	52
177.3	54
177.4	46
177.5	51
177.6	56
177.7	47
177.8	46
177.9	50
178	52
178.1	53
178.2	54
178.3	53
178.4	53
178.5	53
178.6	56
178.7	53
178.8	54
178.9	55
179	60
179.1	59
179.2	54
179.3	50
179.4	53
179.5	59
179.6	61
179.7	56
179.8	57
179.9	53
180	57
180.1	62
180.2	61
180.3	62
180.4	56
180.5	56
180.6	57
180.7	58
180.8	49
180.9	57
181	54
181.1	56
181.2	57
181.3	59
181.4	57
181.5	55
181.6	58
181.7	61
181.8	67
181.9	58
182	57
182.1	54
182.2	63
182.3	63
182.4	53
182.5	59
182.6	60
182.7	54
182.8	44
182.9	53
183	61
183.1	53
183.2	49
183.3	45
183.4	53
183.5	55
183.6	54
183.7	50
183.8	53
183.9	48
184	48
184.1	44
184.2	48
184.3	45
184.4	42
184.5	44
184.6	47
184.7	47
184.8	45
184.9	43
185	48
185.1	46
185.2	48
185.3	50
185.4	44
185.5	44
185.6	47
185.7	49
185.8	47
185.9	42
186	45
186.1	45
186.2	40
186.3	48
186.4	45
186.5	44
186.6	46
186.7	42
186.8	43
186.9	38
187	44
187.1	44
187.2	44
187.3	43
187.4	41
187.5	44
187.6	49
187.7	49
187.8	46
187.9	49
188	44
188.1	46
188.2	39
188.3	37
188.4	47
188.5	50
188.6	43
188.7	43
188.8	43
188.9	41
189	44
189.1	41
189.2	52
189.3	42
189.4	47
189.5	44
189.6	44
189.7	46
189.8	45
189.9	42
190	38
190.1	48
190.2	48
190.3	42
190.4	43
190.5	44
190.6	51
190.7	53
190.8	51
190.9	51
191	57
191.1	56
191.2	60
191.3	68
191.4	61
191.5	61
191.6	70
191.7	65
191.8	61
191.9	67
192	66
192.1	64
192.2	69
192.3	77
192.4	74
192.5	82
192.6	80
192.7	73
192.8	73
192.9	81
193	77
193.1	85
193.2	82
193.3	72
193.4	79
193.5	81
193.6	82
193.7	82
193.8	83
193.9	82
194	87
194.1	87
194.2	92
194.3	89
194.4	90
194.5	87
194.6	85
194.7	93
194.8	90
194.9	88
195	87
195.1	89
195.2	87
195.3	97
195.4	93
195.5	93
195.6	94
195.7	90
195.8	87
195.9	89
196	95
196.1	99
196.2	89
196.3	90
196.4	87
196.5	83
196.6	90
196.7	88
196.8	84
196.9	80
197	90
197.1	95
197.2	91
197.3	91
197.4	91
197.5	91
197.6	95
197.7	95
197.8	93
197.9	89
198	86
198.1	93
198.2	89
198.3	81
198.4	84
198.5	86
198.6	78
198.7	80
198.8	85
198.9	81
199	82
199.1	84
199.2	83
199.3	76
199.4	81
199.5	72
199.6	72
199.7	68
199.8	63
199.9	65
200	68
200.1	65
200.2	72
200.3	66
200.4	68
200.5	69
200.6	63
200.7	63
200.8	59
200.9	56
201	65
201.1	62
201.2	60
201.3	59
201.4	65
201.5	56
201.6	55
201.7	62
201.8	58
201.9	57
202	69
202.1	57
202.2	58
202.3	56
202.4	55
202.5	54
202.6	58
202.7	61
202.8	64
202.9	61
203	59
203.1	57
203.2	58
203.3	58
203.4	64
203.5	64
203.6	56
203.7	64
203.8	63
203.9	64
204	67
204.1	70
204.2	68
204.3	63
204.4	63
204.5	63
204.6	69
204.7	63
204.8	72
204.9	74
205	80
205.1	86
205.2	77
205.3	77
205.4	76
205.5	72
205.6	67
205.7	77
205.8	78
205.9	76
206	81
206.1	90
206.2	89
206.3	84
206.4	91
206.5	97
206.6	93
206.7	92
206.8	95
206.9	87
207	88
207.1	92
207.2	103
207.3	93
207.4	92
207.5	86
207.6	95
207.7	96
207.8	98
207.9	93
208	99
208.1	103
208.2	94
208.3	98
208.4	103
208.5	104
208.6	110
208.7	117
208.8	105
208.9	109
209	116
209.1	105
209.2	112
209.3	110
209.4	116
209.5	121
209.6	123
209.7	121
209.8	135
209.9	121
210	128
210.1	129
210.2	131
210.3	133
210.4	131
210.5	128
210.6	132
210.7	140
210.8	136
210.9	138
211	139
211.1	137
211.2	137
211.3	136
211.4	140
211.5	142
211.6	146
211.7	142
211.8	155
211.9	155
212	149
212.1	151
212.2	154
212.3	160
212.4	159
212.5	158
212.6	158
212.7	160
212.8	157
212.9	155
213	157
213.1	161
213.2	170
213.3	172
213.4	171
213.5	172
213.6	169
213.7	169
213.8	158
213.9	161
214	158
214.1	158
214.2	160
214.3	153
214.4	146
214.5	142
214.6	151
214.7	147
214.8	142
214.9	142
215	134
215.1	129
215.2	124
215.3	124
215.4	130
215.5	117
215.6	112
215.7	109
215.8	102
215.9	103
216	100
216.1	86
216.2	80
216.3	80
216.4	73
216.5	67
216.6	57
216.7	51
216.8	54
216.9	57
217	48
217.1	41
217.2	45
217.3	42
217.4	42
217.5	38
217.6	31
217.7	28
217.8	32
217.9	33
218	33
218.1	46
218.2	38
218.3	36
218.4	31
218.5	35
218.6	43
218.7	42
218.8	45
218.9	52
219	52
219.1	55
219.2	56
219.3	57
219.4	55
219.5	49
219.6	57
219.7	56
219.8	56
219.9	49
220	57
220.1	52
220.2	54
220.3	62
220.4	55
220.5	59
220.6	63
220.7	53
220.8	52
220.9	52
221	60
221.1	63
221.2	56
221.3	63
221.4	54
221.5	48
221.6	62
221.7	65
221.8	60
221.9	76
222	67
222.1	76
222.2	81
222.3	73
222.4	76
222.5	77
222.6	84
222.7	81
222.8	87
222.9	92
223	92
223.1	85
223.2	103
223.3	91
223.4	100
223.5	111
223.6	111
223.7	124
223.8	130
223.9	130
224	121
224.1	131
224.2	140
224.3	134
224.4	136
224.5	147
224.6	155
224.7	153
224.8	153
224.9	162
225	167
225.1	166
225.2	167
225.3	177
225.4	171
225.5	189
225.6	188
225.7	198
225.8	205
225.9	208
226	213
226.1	222
226.2	221
226.3	219
226.4	227
226.5	242
226.6	232
226.7	238
226.8	257
226.9	257
227	258
227.1	278
227.2	270
227.3	284
227.4	293
227.5	291
227.6	289
227.7	307
227.8	318
227.9	310
228	321
228.1	325
228.2	329
228.3	334
228.4	338
228.5	346
228.6	347
228.7	363
228.8	363
228.9	372
229	363
229.1	369
229.2	374
229.3	380
229.4	391
229.5	382
229.6	377
229.7	371
229.8	387
229.9	376
230	365
230.1	357
230.2	348
230.3	331
230.4	329
230.5	321
230.6	291
230.7	297
230.8	290
230.9	269
231	233
231.1	240
231.2	210
231.3	164
231.4	157
231.5	141
231.6	84
231.7	87
231.8	55
231.9	4
232	-15
232.1	-9
232.2	-29
232.3	-69
232.4	-82
232.5	-134
232.6	-150
232.7	-138
232.8	-154
232.9	-184
233	-191
233.1	-192
233.2	-210
233.3	-207
233.4	-200
233.5	-202
233.6	-207
233.7	-200
233.8	-195
233.9	-175
234	-175
234.1	-166
234.2	-146
234.3	-139
234.4	-136
234.5	-117
234.6	-98
234.7	-93
234.8	-68
234.9	-60
235	-61
235.1	-48
235.2	-23
235.3	-37
235.4	-21
235.5	2
235.6	8
235.7	8
235.8	15
235.9	33
236	28
236.1	44
236.2	43
236.3	43
236.4	37
236.5	51
236.6	48
236.7	64
236.8	71
236.9	58
237	56
237.1	66
237.2	57
237.3	72
237.4	79
237.5	81
237.6	99
237.7	95
237.8	100
237.9	90
238	105
238.1	106
238.2	108
238.3	112
238.4	126
238.5	125
238.6	131
238.7	132
238.8	149
238.9	162
239	165
239.1	175
239.2	162
239.3	176
239.4	186
239.5	187
239.6	200
239.7	206
239.8	203
239.9	205
240	218
240.1	219
240.2	212
240.3	236
240.4	235
240.5	234
240.6	240
240.7	244
240.8	249
240.9	250
241	262
241.1	265
241.2	265
241.3	276
241.4	289
241.5	292
241.6	315
241.7	317
241.8	336
241.9	363
242	358
242.1	359
242.2	374
242.3	384
242.4	398
242.5	411
242.6	454
242.7	463
242.8	473
242.9	516
243	535
243.1	544
243.2	591
243.3	608
243.4	617
243.5	641
243.6	702
243.7	713
243.8	734
243.9	809
244	818
244.1	862
244.2	909
244.3	924
244.4	927
244.5	1017
244.6	1043
244.7	1041
244.8	1069
244.9	1128
245	1138
245.1	1184
245.2	1255
245.3	1253
245.4	1284
245.5	1328
245.6	1328
245.7	1331
245.8	1342
245.9	1347
246	1322
246.1	1268
246.2	1263
246.3	1254
246.4	1173
246.5	1080
246.6	1068
246.7	957
246.8	781
246.9	757
247	698
247.1	421
247.2	353
247.3	166
247.4	-74
247.5	-117
247.6	-120
247.7	-175
247.8	-478
247.9	-561
248	-725
248.1	-875
248.2	-905
248.3	-918
248.4	-1037
248.5	-1076
248.6	-1101
248.7	-1116
248.8	-1114
248.9	-1120
249	-1118
249.1	-1052
249.2	-1023
249.3	-996
249.4	-877
249.5	-834
249.6	-757
249.7	-639
249.8	-604
249.9	-519
250	-397
250.1	-395
250.2	-312
250.3	-218
250.4	-212
250.5	-197
250.6	-179
250.7	-98
250.8	-85
250.9	-84
251	-52
251.1	-18
251.2	-27
251.3	-35
251.4	-36
251.5	-48
251.6	-115
251.7	-143
251.8	-159
251.9	-178
252	-271
252.1	-306
252.2	-333
252.3	-439
252.4	-472
252.5	-536
252.6	-587
252.7	-602
252.8	-615
252.9	-631
253	-649
253.1	-655
253.2	-646
253.3	-643
253.4	-646
253.5	-632
253.6	-615
253.7	-614
253.8	-605
253.9	-593
254	-586
254.1	-600
254.2	-624
254.3	-636
254.4	-633
254.5	-709
254.6	-729
254.7	-716
254.8	-744
254.9	-835
255	-843
255.1	-859
255.2	-947
255.3	-973
255.4	-1003
255.5	-1080
255.6	-1099
255.7	-1103
255.8	-1190
255.9	-1207
256	-1210
256.1	-1220
256.2	-1260
256.3	-1265
256.4	-1276
256.5	-1271
256.6	-1290
256.7	-1275
256.8	-1250
256.9	-1239
257	-1233
257.1	-1158
257.2	-1142
257.3	-1130
257.4	-1104
257.5	-1003
257.6	-992
257.7	-952
257.8	-765
257.9	-702
258	-579
258.1	-228
258.2	-127
258.3	94
258.4	546
258.5	615
258.6	858
258.7	1318
258.8	1466
258.9	1479
259	1635
259.1	2065
259.2	2197
259.3	2301
259.4	2756
259.5	2903
259.6	2958
259.7	3590
259.8	3776
259.9	3950
260	5132
260.1	5458
260.2	5487
260.3	5536
260.4	7295
260.5	8004
260.6	8566
260.7	11213
260.8	12241
260.9	13086
261	15000
261.1	15000
261.2	15000
261.3	15000
261.4	15000
261.5	15000
261.6	15000
261.7	15000
261.8	15000
261.9	15000
262	15000
262.1	15000
262.2	15000
262.3	15000
262.4	15000
262.5	15000
262.6	14361
262.7	13630
262.8	13448
262.9	10247
263	6427
263.1	5209
263.2	3884
263.3	-3385
263.4	-5402
263.5	-6545
263.6	-13341
263.7	-15000
263.8	-15000
263.9	15000
264	15000
264.1	15000
264.2	15000
264.3	15000
264.4	15000
264.5	15000
264.6	15000
264.7	15000
264.8	15000
264.9	15000
265	15000
265.1	15000
265.2	15000
265.3	15000
265.4	-15000
265.5	-15000
265.6	-14771
265.7	-14162
265.8	-13352
265.9	-11044
266	-9740
266.1	-9337
266.2	-7226
266.3	-5754
266.4	-5451
266.5	-4454
266.6	-3270
266.7	-2672
266.8	-1629
266.9	-1280
267	-1004
267.1	-604
267.2	-489
267.3	-465
267.4	-417
267.5	-304
267.6	-239
267.7	-204
267.8	-145
267.9	-121
268	-105
268.1	-88
268.2	-74
268.3	-64
268.4	-57
268.5	-49
268.6	-43
268.7	-40
268.8	-33
268.9	-30
269	-28
269.1	-25
269.2	-21
269.3	-19
269.4	-17
269.5	-16
269.6	-13
269.7	-11
269.8	-9
269.9	-7
270	-6
270.1	-5
270.2	-4
270.3	-3
270.4	-1
270.5	-1
270.6	-1
270.7	0
270.8	0
270.9	1
271	1
271.1	2
271.2	2
271.3	2
271.4	3
271.5	3
271.6	3
271.7	3
271.8	3
271.9	4
272	4
272.1	3
272.2	3
272.3	3
272.4	3
272.5	4
272.6	4
272.7	3
272.8	3
272.9	3
273	3
273.1	3
273.2	3
273.3	4
273.4	3
273.5	3
273.6	2
273.7	2
273.8	2
273.9	2
274	2
274.1	2
274.2	2
274.3	2
274.4	1
274.5	1
274.6	0
274.7	1
274.8	0
274.9	0
275	0
275.1	0
275.2	-1
275.3	-1
275.4	-1
275.5	-2
275.6	-2
275.7	-2
275.8	-3
275.9	-3
276	-4
276.1	-4
276.2	-5
276.3	-5
276.4	-5
276.5	-6
276.6	-6
276.7	-5
276.8	-6
276.9	-6
277	-6
277.1	-5
277.2	-5
277.3	-5
277.4	-4
277.5	-4
277.6	-3
277.7	-3
277.8	-2
277.9	-3
278	-2
278.1	-2
278.2	-1
278.3	-2
278.4	-1
278.5	-2
278.6	-1
278.7	-1
278.8	-1
278.9	-1
279	-2
279.1	-2
279.2	-2
279.3	-2
279.4	-2
279.5	-2
279.6	-3
279.7	-3
279.8	-3
279.9	-3
280	-3
280.1	-3
280.2	-3
280.3	-2
280.4	-2
280.5	-3
280.6	-3
280.7	-2
280.8	-2
280.9	-2
281	-2
281.1	-2
281.2	-2
281.3	-3
281.4	-2
281.5	-2
281.6	-1
281.7	-1
281.8	-2
281.9	-2
282	-1
282.1	-1
282.2	-1
282.3	-1
282.4	0
282.5	-1
282.6	0
282.7	0
282.8	0
282.9	0
283	0
283.1	0
283.2	0
283.3	0
283.4	0
283.5	0
283.6	0
283.7	1
283.8	1
283.9	0
284	0
284.1	1
284.2	1
284.3	1
284.4	1
284.5	1
284.6	1
284.7	1
284.8	1
284.9	1
285	1
285.1	1
285.2	2
285.3	1
285.4	1
285.5	1
285.6	1
285.7	1
285.8	1
285.9	1
286	1
286.1	1
286.2	1
286.3	1
286.4	1
286.5	1
286.6	1
286.7	1
286.8	1
286.9	1
287	1
287.1	1
287.2	1
287.3	0
287.4	1
287.5	1
287.6	1
287.7	0
287.8	0
287.9	1
288	1
288.1	1
288.2	1
288.3	1
288.4	1
288.5	1
288.6	1
288.7	1
288.8	1
288.9	1
289	1
289.1	1
289.2	1
289.3	1
289.4	1
289.5	1
289.6	1
289.7	1
289.8	1
289.9	1
290	0
