0
0
0
0
1
2
1
2
1
1
1
2
2
2
1
2
2
2
1
1
1
1
1
2
1
2
1
1
1
1
2
1
1
2
1
2
1
2
1
2
1
2
1
1
2
1
2
1
1
1
1
1
1
2
2
2
2
1
2
1
2
2
2
2
1
2
2
2
2
2
1
2
1
1
1
1
2
1
2
1
2
1
1
1
1
1
1
2
1
2
2
2
2
2
2
2
2
2
2
2
2
2
2
2
2
1
2
1
1
2
2
2
1
1
1
1
2
2
1
2
1
2
2
1
2
2
2
2
1
2
1
1
2
1
2
2
2
1
2
2
2
2
2
1
2
2
2
2
2
2
2
1
1
1
2
2
2
2
2
2
2
2
2
2
2
2
2
2
2
2
2
2
2
2
2
2
2
2
2
2
2
2
2
2
2
2
3
3
2
3
3
3
2
3
3
3
3
3
4
3
4
4
5
4
4
5
5
5
4
5
6
8
6
5
7
8
7
7
8
10
9
8
8
12
15
14
11
11
18
25
23
16
14
20
30
29
23
17
17
22
26
24
26
29
31
32
34
35
33
30
35
43
46
45
48
40
40
46
45
47
55
58
64
64
61
58
58
61
71
78
86
87
86
85
70
71
72
72
81
86
81
83
88
88
99
101
104
120
130
143
159
163
175
186
183
196
195
198
209
205
186
174
169
171
177
176
185
173
166
166
155
150
158
176
173
171
181
190
194
192
193
210
231
237
230
230
231
221
215
227
214
211
199
201
194
175
173
196
215
213
209
201
176
168
162
162
165
184
204
230
218
191
179
186
179
153
166
161
182
183
195
196
179
163
148
146
146
150
153
153
145
125
127
121
127
128
113
103
91
99
104
102
93
88
95
98
93
82
76
79
81
83
80
73
61
60
61
62
59
58
59
58
57
57
55
56
58
66
58
51
48
51
47
35
33
33
31
27
28
27
30
29
33
32
27
25
23
22
19
17
14
14
15
16
17
14
15
16
15
16
16
13
14
10
7
6
6
6
7
8
7
7
7
9
8
7
6
7
7
7
7
7
7
5
5
6
5
4
4
4
4
4
4
3
3
3
3
3
3
3
3
3
3
4
4
4
4
3
2
3
3
2
2
2
3
2
3
3
3
2
2
2
2
3
3
3
3
2
3
2
3
2
3
2
2
2
2
2
2
2
2
2
2
2
3
2
3
2
2
2
2
3
2
3
2
3
3
2
3
2
3
2
3
3
2
3
2
3
2
2
2
2
3
2
3
2
3
3
2
3
3
3
2
3
3
2
2
2
3
3
3
3
3
3
2
2
3
3
3
3
3
3
3
3
3
3
2
2
3
3
3
3
4
3
4
4
3
3
3
3
3
2
3
3
3
3
3
3
2
3
3
3
2
3
3
3
3
3
3
3
3
3
3
3
4
3
3
3
3
3
3
3
3
3
3
3
3
3
4
4
4
4
4
4
3
4
4
3
3
3
3
4
3
4
4
4
4
4
4
4
3
3
4
3
3
3
4
4
4
4
3
3
4
3
