0
0
0
1
2
1
2
1
2
1
2
1
1
2
1
2
2
2
2
1
2
1
2
1
2
2
2
2
1
2
2
2
1
2
2
1
2
1
2
2
2
2
2
2
2
2
2
2
1
2
1
2
1
2
1
2
2
2
2
2
2
2
1
1
1
1
1
2
2
2
2
2
2
2
2
2
2
2
2
1
1
2
1
2
2
2
2
2
2
2
1
2
2
2
2
2
1
2
2
2
2
2
2
2
2
2
2
1
2
2
2
2
2
2
2
2
2
2
2
2
2
1
2
2
2
2
2
2
2
2
2
2
2
2
2
2
1
2
2
2
2
2
2
2
2
2
2
2
2
2
2
2
2
2
3
3
3
3
4
4
4
4
4
3
4
3
4
5
5
6
6
7
6
7
6
6
7
7
8
9
10
10
11
11
10
9
9
10
11
10
10
10
10
13
15
14
15
15
18
18
18
20
23
22
24
23
25
25
28
28
27
29
28
27
29
33
35
37
37
41
47
47
45
44
46
48
55
61
56
56
58
69
75
82
83
80
81
77
75
78
78
83
84
87
90
103
110
113
111
111
98
92
90
89
102
127
129
124
115
106
105
105
128
144
156
165
178
195
182
174
183
180
177
169
166
161
155
151
146
133
125
124
137
152
169
181
198
188
190
194
192
198
185
184
176
160
178
177
170
167
171
181
175
164
168
154
150
133
142
148
146
127
120
118
127
124
108
107
112
115
117
104
104
106
105
103
101
110
110
102
91
89
85
83
79
67
54
56
57
44
31
25
26
31
33
33
23
15
12
15
19
22
22
22
18
14
18
21
20
21
17
19
25
36
40
41
41
39
41
45
57
62
58
50
45
51
65
80
82
65
60
73
100
130
130
118
114
132
161
164
146
122
127
145
161
151
148
154
160
164
175
170
174
179
184
190
193
190
168
163
165
175
168
174
167
173
166
156
172
177
175
173
186
179
163
170
185
172
166
159
149
146
132
128
134
143
149
174
177
179
182
164
138
120
105
93
88
85
81
79
81
88
99
94
93
93
93
90
99
101
106
112
105
105
110
102
89
86
76
69
67
58
53
45
38
37
36
36
38
46
54
64
72
75
80
86
84
75
61
48
36
28
33
37
45
54
58
54
48
42
35
31
29
31
35
34
34
28
23
20
22
25
25
23
20
19
18
20
22
20
19
15
13
14
15
17
14
12
12
13
14
11
9
7
8
9
8
8
8
9
8
8
7
6
7
6
6
6
7
6
5
6
7
6
6
6
5
5
5
6
5
5
4
4
5
4
5
4
4
4
5
5
3
4
4
4
4
4
4
4
4
4
4
4
3
3
3
3
3
4
3
3
4
3
4
3
4
3
3
3
3
3
3
3
3
4
3
3
4
3
3
3
4
3
3
4
3
3
3
3
3
3
3
3
3
3
3
3
3
3
2
3
3
3
3
3
3
3
3
3
3
3
3
3
3
3
3
3
3
3
3
2
3
3
3
3
3
3
2
3
3
2
2
2
2
2
2
2
2
3
2
2
2
3
