2
2
2
2
2
2
2
2
2
1
2
2
2
2
2
1
2
1
2
2
2
2
2
2
2
2
2
2
2
2
2
2
2
2
2
2
2
2
2
2
2
2
2
2
2
2
2
2
2
2
2
2
2
2
2
2
2
2
2
2
2
2
2
2
2
2
2
2
2
2
2
2
2
2
2
2
2
2
2
2
2
2
2
2
2
2
2
2
2
2
2
2
2
2
2
2
2
2
3
2
2
2
2
3
3
2
2
3
2
2
2
2
2
3
3
2
3
4
3
3
4
4
3
3
4
4
5
5
5
5
6
6
6
7
9
9
11
10
10
12
12
15
14
13
14
14
17
21
22
20
21
24
30
29
26
30
34
39
37
41
44
46
49
53
55
55
56
62
66
65
67
68
70
79
85
95
99
106
107
109
112
112
124
137
146
147
154
152
146
150
158
159
161
177
196
205
206
210
202
194
186
196
201
222
222
223
236
234
232
244
238
221
239
243
236
210
205
200
203
198
198
205
213
204
213
212
218
205
185
197
205
192
179
169
159
164
138
135
135
115
119
99
97
82
82
73
71
73
71
68
68
58
63
63
63
60
64
65
63
61
60
59
63
69
75
76
77
78
80
87
92
96
100
100
101
116
120
126
116
121
127
133
136
140
150
141
134
126
136
147
143
149
156
148
136
146
138
131
120
113
110
106
108
104
102
95
92
88
85
78
75
66
56
54
55
52
52
60
60
55
47
42
48
51
57
55
59
56
61
70
80
74
63
82
71
65
82
83
79
79
81
81
80
95
103
101
118
100
94
100
118
121
120
147
143
140
151
161
171
174
179
176
168
157
157
145
135
101
92
92
73
67
70
70
68
66
69
69
66
66
61
60
59
59
64
62
63
63
66
72
76
75
77
81
78
88
94
86
88
89
85
81
77
79
84
88
87
93
90
98
98
103
109
108
106
104
100
102
96
98
100
98
86
80
83
92
87
85
88
92
87
86
78
78
78
76
77
75
71
61
52
48
44
43
40
37
41
39
38
38
41
38
35
36
38
40
43
41
40
41
42
42
40
42
45
48
52
53
50
55
61
62
69
71
74
82
89
86
86
83
87
97
104
100
99
95
103
104
106
112
114
111
120
118
118
117
119
118
114
122
122
122
119
114
109
108
109
102
93
94
93
94
91
89
83
86
82
80
77
72
63
60
56
58
55
56
62
57
54
49
47
41
44
47
47
41
38
36
33
34
31
31
29
25
25
21
22
22
20
19
20
17
14
15
14
11
13
10
12
12
10
9
8
8
10
9
8
7
7
7
7
6
6
5
5
4
5
5
4
5
5
4
4
5
4
4
3
3
4
4
3
3
3
3
3
3
3
3
3
2
2
3
2
2
3
2
2
3
3
3
2
2
3
3
2
3
3
2
2
3
3
3
2
2
2
3
2
2
3
3
2
3
3
2
3
2
3
3
2
2
3
3
3
3
3
3
3
3
2
3
3
3
3
3
3
3
3
3
3
3
3
3
3
3
3
4
3
3
3
3
3
3
3
3
