2
2
2
2
2
2
2
2
1
2
2
2
2
2
2
2
2
1
1
1
2
2
1
1
2
1
2
2
2
2
2
2
2
1
2
2
2
2
2
1
2
2
2
2
2
2
2
2
1
2
2
1
2
2
2
2
2
2
2
2
2
2
2
2
2
2
2
2
2
2
2
2
2
2
2
2
2
2
2
2
2
2
2
2
2
2
2
2
2
2
2
2
2
2
2
2
2
2
2
2
2
2
2
2
2
2
3
3
4
4
2
2
2
2
2
3
4
3
3
3
3
3
4
5
5
5
5
6
7
7
6
5
6
6
6
7
8
7
7
7
11
11
13
12
12
11
15
20
21
21
22
23
20
17
17
19
23
32
39
39
40
39
44
48
48
47
51
52
54
54
48
50
45
56
56
65
68
79
87
87
85
92
91
105
105
99
108
133
125
125
114
119
143
145
145
150
146
156
184
184
187
163
161
186
186
179
188
178
180
180
186
184
195
196
196
191
191
192
190
190
193
173
157
171
177
161
185
185
180
177
170
182
167
168
162
153
146
146
141
147
130
136
148
142
136
123
128
133
122
117
96
90
77
76
76
70
68
66
62
56
51
50
47
47
47
45
47
48
47
44
39
45
51
48
58
67
70
66
68
77
81
94
103
94
106
122
112
122
135
157
164
156
153
141
130
138
161
178
185
195
190
187
205
197
235
244
255
255
255
255
255
245
237
236
237
237
255
255
255
240
228
210
190
160
142
132
123
115
99
85
100
106
100
108
114
114
110
101
105
102
100
84
83
75
72
64
48
46
53
58
57
55
54
53
51
51
58
58
55
48
58
69
72
71
80
73
57
55
61
80
93
105
105
102
104
96
89
89
87
107
120
136
136
158
179
184
170
170
165
155
165
163
163
154
150
144
141
141
148
161
178
187
187
192
214
208
194
194
175
145
155
166
166
152
160
141
137
141
147
133
124
112
104
100
126
126
120
118
108
96
91
82
72
67
53
51
50
56
59
62
64
62
50
40
38
36
46
47
47
52
49
45
41
42
55
61
52
45
35
25
27
28
28
25
17
16
13
15
15
13
12
11
12
13
11
11
6
7
8
11
10
8
7
7
7
6
10
10
9
7
6
6
6
6
6
5
4
4
4
4
5
4
4
4
5
5
4
4
4
3
3
3
3
3
4
4
4
3
3
3
3
3
3
3
3
3
3
4
3
3
3
3
2
3
3
3
3
3
3
3
2
2
2
3
2
3
3
3
2
3
3
3
2
3
2
2
2
2
2
3
2
2
2
3
3
2
2
3
2
2
2
2
2
3
3
2
2
3
2
2
2
2
2
2
2
2
2
2
2
2
2
2
2
2
2
2
2
2
2
2
2
2
2
2
2
3
3
2
2
2
2
2
2
2
2
2
2
2
2
2
2
2
2
2
2
2
2
2
2
2
2
2
2
2
2
2
2
2
2
2
2
2
2
2
2
2
2
2
2
2
2
2
2
2
2
2
2
2
2
2
2
2
2
2
2
2
2
2
2
2
2
2
2
0
