Kommentar: 
Zeit: 05.12.2011	11:36
Startenergie: 100
Endenergie: 600
Energieschritt: 5
Sensitivity: 1 mV
TC: 1 ms
Phase: Phase: 50
100	4096
105	4224
110	4162
115	3991
120	3803
125	3459
130	3217
135	2946
140	2771
145	2599
150	2500
155	2426
160	2381
165	2280
170	2158
175	2055
180	2042
185	2016
190	1878
195	1813
200	1835
205	1786
210	1645
215	1534
220	1513
225	1464
230	1471
235	1445
240	1496
245	1486
250	1423
255	1406
260	1395
265	1330
270	1226
275	1212
280	1031
285	929
290	897
295	932
300	950
305	928
310	909
315	946
320	962
325	1031
330	1090
335	1096
340	1123
345	1110
350	1057
355	1094
360	1110
365	1150
370	1249
375	1321
380	1366
385	1309
390	1175
395	967
400	795
405	765
410	809
415	926
420	951
425	976
430	960
435	923
440	918
445	917
450	951
455	983
460	991
465	1026
470	1038
475	1057
480	1102
485	1064
490	1094
495	1073
500	1070
505	1118
510	1320
515	1339
520	1106
525	777
530	626
535	540
540	516
545	585
550	670
555	776
560	822
565	906
570	880
575	895
580	918
585	901
590	961
595	1044
600	1058
