1488.5100	91.0000	350.0000
1487.5188	2.0000	16.0000
1486.5277	2.0000	12.0000
1485.5365	2.0000	10.0000
1484.5454	3.0000	17.0000
1483.5542	4.0000	10.0000
1482.5630	5.0000	18.0000
1481.5719	3.0000	16.0000
1480.5807	6.0000	16.0000
1479.5896	3.0000	16.0000
1478.5984	6.0000	27.0000
1477.6072	5.0000	34.0000
1476.6161	5.0000	27.0000
1475.6249	6.0000	44.0000
1474.6338	4.0000	23.0000
1473.6426	4.0000	28.0000
1472.6514	9.0000	33.0000
1471.6603	4.0000	20.0000
1470.6691	1.0000	14.0000
1469.6780	4.0000	20.0000
1468.6868	1.0000	21.0000
1467.6956	3.0000	26.0000
1466.7045	2.0000	21.0000
1465.7133	3.0000	34.0000
1464.7222	6.0000	16.0000
1463.7310	8.0000	32.0000
1462.7397	9.0000	25.0000
1461.7487	6.0000	19.0000
1460.7574	6.0000	25.0000
1459.7664	5.0000	28.0000
1458.7751	4.0000	24.0000
1457.7839	5.0000	26.0000
1456.7928	3.0000	31.0000
1455.8016	7.0000	24.0000
1454.8105	8.0000	35.0000
1453.8193	8.0000	34.0000
1452.8281	7.0000	26.0000
1451.8370	10.0000	31.0000
1450.8458	6.0000	35.0000
1449.8547	2.0000	24.0000
1448.8635	7.0000	30.0000
1447.8724	6.0000	29.0000
1446.8812	4.0000	24.0000
1445.8900	7.0000	21.0000
1444.8989	2.0000	22.0000
1443.9077	8.0000	24.0000
1442.9166	4.0000	27.0000
1441.9254	5.0000	28.0000
1440.9342	6.0000	30.0000
1439.9431	3.0000	23.0000
1438.9519	6.0000	35.0000
1437.9608	7.0000	30.0000
1436.9696	7.0000	23.0000
1435.9784	4.0000	29.0000
1434.9873	5.0000	27.0000
1433.9961	5.0000	30.0000
1433.0050	8.0000	38.0000
1432.0138	7.0000	24.0000
1431.0226	9.0000	28.0000
1430.0315	6.0000	30.0000
1429.0403	6.0000	26.0000
1428.0492	9.0000	29.0000
1427.0580	6.0000	31.0000
1426.0668	11.0000	48.0000
1425.0757	3.0000	27.0000
1424.0845	4.0000	29.0000
1423.0934	8.0000	35.0000
1422.1022	6.0000	38.0000
1421.1110	11.0000	43.0000
1420.1199	7.0000	33.0000
1419.1287	8.0000	29.0000
1418.1376	5.0000	37.0000
1417.1464	11.0000	31.0000
1416.1552	9.0000	35.0000
1415.1641	7.0000	25.0000
1414.1729	3.0000	35.0000
1413.1818	3.0000	26.0000
1412.1906	6.0000	30.0000
1411.1993	4.0000	38.0000
1410.2083	6.0000	35.0000
1409.2170	9.0000	54.0000
1408.2260	17.0000	53.0000
1407.2347	13.0000	49.0000
1406.2437	10.0000	49.0000
1405.2524	10.0000	49.0000
1404.2612	8.0000	48.0000
1403.2701	13.0000	53.0000
1402.2789	3.0000	34.0000
1401.2878	10.0000	29.0000
1400.2966	6.0000	37.0000
1399.3054	13.0000	40.0000
1398.3143	11.0000	44.0000
1397.3231	4.0000	42.0000
1396.3320	6.0000	45.0000
1395.3408	11.0000	39.0000
1394.3496	11.0000	56.0000
1393.3585	8.0000	48.0000
1392.3673	8.0000	56.0000
1391.3762	12.0000	50.0000
1390.3850	17.0000	48.0000
1389.3938	6.0000	41.0000
1388.4027	11.0000	40.0000
1387.4115	10.0000	59.0000
1386.4204	6.0000	42.0000
1385.4292	6.0000	35.0000
1384.4380	9.0000	41.0000
1383.4469	7.0000	53.0000
1382.4557	14.0000	51.0000
1381.4646	16.0000	64.0000
1380.4734	12.0000	46.0000
1379.4822	20.0000	76.0000
1378.4911	4.0000	49.0000
1377.4999	10.0000	51.0000
1376.5088	9.0000	55.0000
1375.5176	7.0000	55.0000
1374.5264	14.0000	60.0000
1373.5353	15.0000	58.0000
1372.5441	9.0000	50.0000
1371.5530	8.0000	46.0000
1370.5618	13.0000	69.0000
1369.5706	9.0000	56.0000
1368.5795	9.0000	55.0000
1367.5883	13.0000	62.0000
1366.5972	11.0000	57.0000
1365.6060	15.0000	64.0000
1364.6149	13.0000	57.0000
1363.6237	14.0000	65.0000
1362.6324	10.0000	64.0000
1361.6414	17.0000	64.0000
1360.6501	14.0000	71.0000
1359.6591	13.0000	70.0000
1358.6678	14.0000	68.0000
1357.6766	12.0000	74.0000
1356.6855	16.0000	86.0000
1355.6943	16.0000	87.0000
1354.7032	27.0000	113.0000
1353.7120	33.0000	113.0000
1352.7208	23.0000	121.0000
1351.7297	18.0000	110.0000
1350.7385	29.0000	135.0000
1349.7474	29.0000	143.0000
1348.7562	25.0000	113.0000
1347.7650	29.0000	150.0000
1346.7739	27.0000	140.0000
1345.7827	36.0000	134.0000
1344.7916	22.0000	113.0000
1343.8004	29.0000	115.0000
1342.8092	32.0000	135.0000
1341.8181	20.0000	109.0000
1340.8269	26.0000	117.0000
1339.8358	20.0000	109.0000
1338.8446	17.0000	112.0000
1337.8534	26.0000	115.0000
1336.8623	26.0000	108.0000
1335.8711	27.0000	117.0000
1334.8800	21.0000	126.0000
1333.8888	24.0000	124.0000
1332.8976	20.0000	131.0000
1331.9065	21.0000	129.0000
1330.9153	19.0000	122.0000
1329.9242	28.0000	171.0000
1328.9330	37.0000	155.0000
1327.9418	31.0000	153.0000
1326.9507	38.0000	143.0000
1325.9595	37.0000	142.0000
1324.9684	31.0000	150.0000
1323.9772	24.0000	132.0000
1322.9861	38.0000	167.0000
1321.9949	37.0000	153.0000
1321.0037	30.0000	161.0000
1320.0126	26.0000	125.0000
1319.0214	27.0000	146.0000
1318.0303	34.0000	146.0000
1317.0391	24.0000	131.0000
1316.0479	37.0000	160.0000
1315.0568	30.0000	138.0000
1314.0656	28.0000	168.0000
1313.0745	40.0000	183.0000
1312.0833	39.0000	156.0000
1311.0920	43.0000	200.0000
1310.1010	30.0000	182.0000
1309.1097	40.0000	184.0000
1308.1187	39.0000	165.0000
1307.1274	44.0000	211.0000
1306.1362	43.0000	183.0000
1305.1451	36.0000	199.0000
1304.1539	37.0000	203.0000
1303.1628	42.0000	218.0000
1302.1716	48.0000	198.0000
1301.1804	38.0000	213.0000
1300.1893	40.0000	195.0000
1299.1981	40.0000	207.0000
1298.2070	50.0000	202.0000
1297.2158	35.0000	216.0000
1296.2246	44.0000	210.0000
1295.2335	37.0000	222.0000
1294.2423	44.0000	211.0000
1293.2512	44.0000	231.0000
1292.2600	64.0000	249.0000
1291.2688	48.0000	244.0000
1290.2777	46.0000	239.0000
1289.2865	52.0000	246.0000
1288.2954	51.0000	262.0000
1287.3042	67.0000	273.0000
1286.3130	58.0000	272.0000
1285.3219	50.0000	284.0000
1284.3307	62.0000	286.0000
1283.3396	66.0000	287.0000
1282.3484	71.0000	286.0000
1281.3572	62.0000	289.0000
1280.3661	62.0000	296.0000
1279.3749	48.0000	286.0000
1278.3838	62.0000	314.0000
1277.3926	62.0000	305.0000
1276.4015	67.0000	301.0000
1275.4103	55.0000	313.0000
1274.4191	64.0000	337.0000
1273.4280	68.0000	303.0000
1272.4368	95.0000	364.0000
1271.4457	78.0000	334.0000
1270.4545	54.0000	341.0000
1269.4633	81.0000	378.0000
1268.4722	77.0000	367.0000
1267.4810	76.0000	409.0000
1266.4899	75.0000	357.0000
1265.4987	78.0000	364.0000
1264.5074	99.0000	393.0000
1263.5164	86.0000	379.0000
1262.5251	83.0000	396.0000
1261.5341	89.0000	388.0000
1260.5428	73.0000	401.0000
1259.5516	95.0000	393.0000
1258.5605	98.0000	445.0000
1257.5693	81.0000	418.0000
1256.5782	98.0000	438.0000
1255.5870	89.0000	456.0000
1254.5958	91.0000	456.0000
1253.6047	97.0000	460.0000
1252.6135	127.0000	520.0000
1251.6224	113.0000	514.0000
1250.6312	110.0000	517.0000
1249.6400	110.0000	471.0000
1248.6489	98.0000	506.0000
1247.6577	115.0000	534.0000
1246.6666	120.0000	520.0000
1245.6754	129.0000	537.0000
1244.6842	118.0000	509.0000
1243.6931	99.0000	543.0000
1242.7019	116.0000	562.0000
1241.7108	134.0000	593.0000
1240.7196	141.0000	597.0000
1239.7284	130.0000	634.0000
1238.7373	128.0000	617.0000
1237.7461	132.0000	601.0000
1236.7550	153.0000	685.0000
1235.7638	175.0000	775.0000
1234.7727	180.0000	767.0000
1233.7815	167.0000	817.0000
1232.7903	174.0000	834.0000
1231.7992	153.0000	848.0000
1230.8080	147.0000	792.0000
1229.8169	155.0000	742.0000
1228.8257	138.0000	693.0000
1227.8345	174.0000	763.0000
1226.8434	159.0000	740.0000
1225.8522	150.0000	782.0000
1224.8611	168.0000	796.0000
1223.8699	149.0000	778.0000
1222.8787	169.0000	776.0000
1221.8876	183.0000	829.0000
1220.8964	167.0000	741.0000
1219.9053	157.0000	812.0000
1218.9141	165.0000	824.0000
1217.9229	186.0000	882.0000
1216.9318	192.0000	846.0000
1215.9406	160.0000	858.0000
1214.9495	203.0000	946.0000
1213.9583	209.0000	903.0000
1212.9670	198.0000	964.0000
1211.9760	214.0000	1019.0000
1210.9847	189.0000	945.0000
1209.9937	203.0000	1018.0000
1209.0024	195.0000	1050.0000
1208.0112	196.0000	931.0000
1207.0201	208.0000	996.0000
1206.0289	206.0000	996.0000
1205.0378	197.0000	917.0000
1204.0466	204.0000	968.0000
1203.0554	234.0000	1076.0000
1202.0643	292.0000	1331.0000
1201.0731	536.0000	2643.0000
1200.0820	568.0000	2691.0000
1199.0908	572.0000	2714.0000
1198.0996	365.0000	1682.0000
1197.1085	264.0000	1284.0000
1196.1173	273.0000	1265.0000
1195.1262	295.0000	1358.0000
1194.1350	276.0000	1350.0000
1193.1439	275.0000	1159.0000
1192.1527	245.0000	1263.0000
1191.1615	259.0000	1170.0000
1190.1704	250.0000	1224.0000
1189.1792	280.0000	1260.0000
1188.1881	299.0000	1284.0000
1187.1969	246.0000	1197.0000
1186.2057	268.0000	1284.0000
1185.2146	295.0000	1316.0000
1184.2234	290.0000	1430.0000
1183.2323	274.0000	1333.0000
1182.2411	266.0000	1329.0000
1181.2499	294.0000	1396.0000
1180.2588	267.0000	1364.0000
1179.2676	297.0000	1375.0000
1178.2765	285.0000	1415.0000
1177.2853	296.0000	1402.0000
1176.2941	287.0000	1359.0000
1175.3030	281.0000	1404.0000
1174.3118	297.0000	1388.0000
1173.3207	307.0000	1411.0000
1172.3295	339.0000	1476.0000
1171.3383	330.0000	1498.0000
1170.3472	304.0000	1426.0000
1169.3560	337.0000	1508.0000
1168.3649	297.0000	1412.0000
1167.3737	287.0000	1395.0000
1166.3824	306.0000	1475.0000
1165.3914	297.0000	1443.0000
1164.4001	276.0000	1352.0000
1163.4091	295.0000	1411.0000
1162.4178	302.0000	1477.0000
1161.4266	281.0000	1377.0000
1160.4355	301.0000	1447.0000
1159.4443	270.0000	1382.0000
1158.4532	292.0000	1384.0000
1157.4620	275.0000	1348.0000
1156.4708	297.0000	1376.0000
1155.4797	262.0000	1366.0000
1154.4885	299.0000	1369.0000
1153.4974	278.0000	1348.0000
1152.5062	292.0000	1399.0000
1151.5151	298.0000	1431.0000
1150.5239	310.0000	1418.0000
1149.5327	313.0000	1467.0000
1148.5416	276.0000	1407.0000
1147.5504	292.0000	1376.0000
1146.5593	314.0000	1437.0000
1145.5681	303.0000	1419.0000
1144.5769	291.0000	1389.0000
1143.5858	300.0000	1391.0000
1142.5946	311.0000	1408.0000
1141.6035	284.0000	1433.0000
1140.6123	322.0000	1464.0000
1139.6211	324.0000	1383.0000
1138.6300	279.0000	1502.0000
1137.6388	309.0000	1433.0000
1136.6477	284.0000	1491.0000
1135.6565	317.0000	1479.0000
1134.6653	353.0000	1546.0000
1133.6742	327.0000	1502.0000
1132.6830	278.0000	1472.0000
1131.6919	308.0000	1414.0000
1130.7007	294.0000	1490.0000
1129.7095	337.0000	1532.0000
1128.7184	290.0000	1472.0000
1127.7272	320.0000	1451.0000
1126.7361	302.0000	1477.0000
1125.7449	270.0000	1374.0000
1124.7537	305.0000	1432.0000
1123.7626	294.0000	1410.0000
1122.7714	311.0000	1376.0000
1121.7803	317.0000	1525.0000
1120.7891	306.0000	1468.0000
1119.7979	286.0000	1451.0000
1118.8068	498.0000	2379.0000
1117.8156	474.0000	2242.0000
1116.8245	537.0000	2625.0000
1115.8333	375.0000	1679.0000
1114.8420	311.0000	1643.0000
1113.8510	338.0000	1614.0000
1112.8597	470.0000	2244.0000
1111.8687	475.0000	2174.0000
1110.8774	485.0000	2218.0000
1109.8864	385.0000	1755.0000
1108.8951	353.0000	1656.0000
1107.9039	370.0000	1739.0000
1106.9128	341.0000	1643.0000
1105.9216	358.0000	1739.0000
1104.9305	348.0000	1715.0000
1103.9393	398.0000	1790.0000
1102.9481	358.0000	1793.0000
1101.9570	375.0000	1787.0000
1100.9658	377.0000	1850.0000
1099.9747	394.0000	1889.0000
1098.9835	393.0000	1949.0000
1097.9923	419.0000	1991.0000
1097.0012	432.0000	2093.0000
1096.0100	439.0000	2051.0000
1095.0189	422.0000	2034.0000
1094.0277	426.0000	2083.0000
1093.0365	411.0000	2064.0000
1092.0454	420.0000	2060.0000
1091.0542	443.0000	2158.0000
1090.0631	442.0000	2130.0000
1089.0719	426.0000	2103.0000
1088.0807	466.0000	2127.0000
1087.0896	445.0000	2187.0000
1086.0984	456.0000	2192.0000
1085.1073	430.0000	2164.0000
1084.1161	474.0000	2224.0000
1083.1249	478.0000	2271.0000
1082.1338	457.0000	2142.0000
1081.1426	488.0000	2304.0000
1080.1515	481.0000	2261.0000
1079.1603	462.0000	2219.0000
1078.1691	493.0000	2350.0000
1077.1780	431.0000	2162.0000
1076.1868	438.0000	2175.0000
1075.1957	432.0000	2223.0000
1074.2045	470.0000	2256.0000
1073.2133	499.0000	2263.0000
1072.2222	464.0000	2279.0000
1071.2310	500.0000	2336.0000
1070.2399	508.0000	2418.0000
1069.2487	508.0000	2376.0000
1068.2576	512.0000	2328.0000
1067.2664	510.0000	2404.0000
1066.2751	506.0000	2363.0000
1065.2841	524.0000	2425.0000
1064.2928	515.0000	2430.0000
1063.3018	500.0000	2431.0000
1062.3105	490.0000	2449.0000
1061.3193	553.0000	2390.0000
1060.3282	537.0000	2521.0000
1059.3370	516.0000	2343.0000
1058.3459	497.0000	2478.0000
1057.3547	507.0000	2362.0000
1056.3635	495.0000	2396.0000
1055.3724	494.0000	2384.0000
1054.3812	512.0000	2416.0000
1053.3901	510.0000	2420.0000
1052.3989	489.0000	2375.0000
1051.4077	482.0000	2395.0000
1050.4166	532.0000	2531.0000
1049.4254	541.0000	2499.0000
1048.4343	550.0000	2589.0000
1047.4431	554.0000	2516.0000
1046.4519	536.0000	2561.0000
1045.4608	498.0000	2529.0000
1044.4696	489.0000	2433.0000
1043.4785	513.0000	2513.0000
1042.4873	483.0000	2483.0000
1041.4961	507.0000	2437.0000
1040.5050	535.0000	2533.0000
1039.5138	505.0000	2490.0000
1038.5227	507.0000	2510.0000
1037.5315	503.0000	2593.0000
1036.5403	511.0000	2448.0000
1035.5492	492.0000	2497.0000
1034.5580	510.0000	2508.0000
1033.5669	512.0000	2525.0000
1032.5757	472.0000	2492.0000
1031.5845	490.0000	2543.0000
1030.5934	561.0000	2577.0000
1029.6022	544.0000	2567.0000
1028.6111	522.0000	2501.0000
1027.6199	556.0000	2628.0000
1026.6287	519.0000	2550.0000
1025.6376	578.0000	2643.0000
1024.6464	555.0000	2654.0000
1023.6552	546.0000	2627.0000
1022.6641	569.0000	2729.0000
1021.6729	559.0000	2565.0000
1020.6818	542.0000	2706.0000
1019.6906	580.0000	2662.0000
1018.6994	538.0000	2620.0000
1017.7083	543.0000	2680.0000
1016.7171	563.0000	2697.0000
1015.7260	538.0000	2604.0000
1014.7348	532.0000	2643.0000
1013.7437	560.0000	2636.0000
1012.7524	558.0000	2644.0000
1011.7613	545.0000	2690.0000
1010.7701	540.0000	2648.0000
1009.7790	523.0000	2594.0000
1008.7878	549.0000	2630.0000
1007.7966	517.0000	2731.0000
1006.8055	547.0000	2683.0000
1005.8143	570.0000	2768.0000
1004.8232	559.0000	2608.0000
1003.8320	563.0000	2631.0000
1002.8408	555.0000	2698.0000
1001.8497	508.0000	2668.0000
1000.8585	582.0000	2776.0000
999.8674	559.0000	2662.0000
998.8762	587.0000	2709.0000
997.8850	569.0000	2785.0000
996.8939	597.0000	2841.0000
995.9027	570.0000	2683.0000
994.9116	606.0000	2747.0000
993.9204	568.0000	2759.0000
992.9293	576.0000	2777.0000
991.9380	596.0000	2721.0000
990.9469	561.0000	2769.0000
989.9557	583.0000	2828.0000
988.9646	571.0000	2805.0000
987.9734	576.0000	2703.0000
986.9822	604.0000	2803.0000
985.9911	591.0000	2805.0000
984.9999	595.0000	2802.0000
984.0088	560.0000	2785.0000
983.0176	592.0000	2781.0000
982.0264	597.0000	2884.0000
981.0353	610.0000	2764.0000
980.0441	618.0000	2802.0000
979.0530	593.0000	2873.0000
978.0618	609.0000	2864.0000
977.0706	582.0000	2765.0000
976.0795	562.0000	2873.0000
975.0883	601.0000	2874.0000
974.0972	598.0000	2864.0000
973.1060	611.0000	2830.0000
972.1149	596.0000	2829.0000
971.1237	617.0000	2968.0000
970.1325	631.0000	2941.0000
969.1414	626.0000	3021.0000
968.1502	652.0000	3167.0000
967.1591	663.0000	3182.0000
966.1678	666.0000	3210.0000
965.1767	671.0000	3215.0000
964.1855	820.0000	3429.0000
963.1944	673.0000	3182.0000
962.2032	673.0000	3208.0000
961.2120	704.0000	3222.0000
960.2209	683.0000	3277.0000
959.2297	693.0000	3270.0000
958.2386	720.0000	3517.0000
957.2474	985.0000	4787.0000
956.2562	1168.0000	5743.0000
955.2651	1275.0000	5931.0000
954.2739	958.0000	4625.0000
953.2828	959.0000	4490.0000
952.2916	764.0000	3649.0000
951.3005	733.0000	3373.0000
950.3093	720.0000	3530.0000
949.3181	706.0000	3476.0000
948.3270	700.0000	3443.0000
947.3358	748.0000	3621.0000
946.3447	811.0000	3782.0000
945.3535	778.0000	3695.0000
944.3623	813.0000	3879.0000
943.3712	858.0000	4121.0000
942.3800	835.0000	3973.0000
941.3889	872.0000	4064.0000
940.3976	936.0000	4204.0000
939.4065	855.0000	4191.0000
938.4153	967.0000	4533.0000
937.4242	895.0000	4331.0000
936.4330	854.0000	4343.0000
935.4418	890.0000	4224.0000
934.4507	917.0000	4362.0000
933.4595	939.0000	4426.0000
932.4684	886.0000	4285.0000
931.4772	892.0000	4423.0000
930.4861	889.0000	4434.0000
929.4949	950.0000	4537.0000
928.5037	914.0000	4531.0000
927.5126	926.0000	4469.0000
926.5214	900.0000	4461.0000
925.5303	928.0000	4462.0000
924.5391	963.0000	4581.0000
923.5479	954.0000	4581.0000
922.5568	939.0000	4448.0000
921.5656	1016.0000	4481.0000
920.5745	932.0000	4632.0000
919.5833	938.0000	4775.0000
918.5921	966.0000	4894.0000
917.6010	1056.0000	5089.0000
916.6098	1022.0000	5007.0000
915.6187	1005.0000	4859.0000
914.6274	1000.0000	4948.0000
913.6363	1037.0000	4992.0000
912.6451	1006.0000	4733.0000
911.6540	958.0000	4742.0000
910.6628	983.0000	4658.0000
909.6717	899.0000	4585.0000
908.6805	982.0000	4719.0000
907.6893	979.0000	4730.0000
906.6982	994.0000	4704.0000
905.7070	979.0000	4703.0000
904.7159	965.0000	4653.0000
903.7247	1020.0000	4685.0000
902.7335	990.0000	4646.0000
901.7424	934.0000	4773.0000
900.7512	948.0000	4786.0000
899.7601	992.0000	4892.0000
898.7689	965.0000	4679.0000
897.7777	975.0000	4769.0000
896.7866	964.0000	4850.0000
895.7954	1004.0000	4909.0000
894.8043	1054.0000	4900.0000
893.8130	1011.0000	4916.0000
892.8219	1043.0000	4924.0000
891.8307	1007.0000	4891.0000
890.8396	987.0000	4918.0000
889.8484	956.0000	4848.0000
888.8572	990.0000	4851.0000
887.8661	1005.0000	4890.0000
886.8749	1019.0000	4963.0000
885.8838	1002.0000	4966.0000
884.8926	1033.0000	5001.0000
883.9015	1024.0000	5043.0000
882.9103	1060.0000	5115.0000
881.9191	1047.0000	4987.0000
880.9280	1034.0000	4877.0000
879.9368	1003.0000	4820.0000
878.9457	1022.0000	4852.0000
877.9545	1043.0000	4965.0000
876.9633	1059.0000	4976.0000
875.9722	1073.0000	5081.0000
874.9810	998.0000	4825.0000
873.9899	1057.0000	5072.0000
872.9987	1007.0000	5023.0000
872.0075	1062.0000	4956.0000
871.0164	967.0000	4971.0000
870.0252	1088.0000	5165.0000
869.0341	1060.0000	5121.0000
868.0428	1100.0000	5153.0000
867.0517	1027.0000	5031.0000
866.0605	1065.0000	5091.0000
865.0694	1018.0000	5151.0000
864.0782	1054.0000	4990.0000
863.0871	1060.0000	4979.0000
862.0959	1052.0000	5069.0000
861.1047	1039.0000	5053.0000
860.1136	1097.0000	5307.0000
859.1224	1106.0000	5221.0000
858.1313	1130.0000	5247.0000
857.1401	1039.0000	5159.0000
856.1489	1081.0000	5295.0000
855.1578	1104.0000	5218.0000
854.1666	1096.0000	5182.0000
853.1755	1099.0000	5175.0000
852.1843	1070.0000	5264.0000
851.1931	1123.0000	5318.0000
850.2020	1093.0000	5347.0000
849.2108	1069.0000	5272.0000
848.2197	1136.0000	5483.0000
847.2285	1158.0000	5458.0000
846.2373	1179.0000	5593.0000
845.2462	1173.0000	5519.0000
844.2550	1134.0000	5438.0000
843.2639	1127.0000	5454.0000
842.2727	1196.0000	5656.0000
841.2815	1197.0000	5711.0000
840.2903	1187.0000	5634.0000
839.2992	1202.0000	5748.0000
838.3080	1263.0000	5769.0000
837.3169	1241.0000	5878.0000
836.3257	1219.0000	5845.0000
835.3345	1201.0000	5718.0000
834.3434	1147.0000	5909.0000
833.3522	1253.0000	6001.0000
832.3611	1223.0000	5980.0000
831.3699	1270.0000	5867.0000
830.3787	1258.0000	5984.0000
829.3876	1207.0000	6015.0000
828.3964	1218.0000	5949.0000
827.4053	1205.0000	5900.0000
826.4141	1247.0000	6033.0000
825.4229	1240.0000	6112.0000
824.4318	1303.0000	6219.0000
823.4406	1311.0000	6237.0000
822.4495	1356.0000	6454.0000
821.4583	1308.0000	6331.0000
820.4671	1305.0000	6472.0000
819.4760	1359.0000	6584.0000
818.4848	1413.0000	6730.0000
817.4937	1424.0000	6752.0000
816.5025	1403.0000	6836.0000
815.5113	1449.0000	6831.0000
814.5201	1499.0000	7018.0000
813.5290	1453.0000	6986.0000
812.5378	1515.0000	7160.0000
811.5467	1455.0000	7210.0000
810.5555	1485.0000	7202.0000
809.5643	1473.0000	7115.0000
808.5732	1532.0000	7182.0000
807.5820	1538.0000	7225.0000
806.5909	1432.0000	7268.0000
805.5997	1509.0000	7293.0000
804.6085	1621.0000	7443.0000
803.6174	1600.0000	7755.0000
802.6262	1598.0000	7586.0000
801.6351	1538.0000	7357.0000
800.6439	1567.0000	7319.0000
799.6527	1503.0000	7242.0000
798.6616	1507.0000	7278.0000
797.6704	1512.0000	7268.0000
796.6793	1535.0000	7353.0000
795.6881	1521.0000	7256.0000
794.6969	1492.0000	7365.0000
793.7057	1508.0000	7388.0000
792.7146	1539.0000	7368.0000
791.7234	1584.0000	7343.0000
790.7323	1490.0000	7318.0000
789.7411	1479.0000	7352.0000
788.7499	1584.0000	7456.0000
787.7588	1521.0000	7245.0000
786.7676	1518.0000	7434.0000
785.7765	1540.0000	7338.0000
784.7853	1513.0000	7368.0000
783.7941	1557.0000	7481.0000
782.8030	1557.0000	7404.0000
781.8118	1520.0000	7457.0000
780.8207	1550.0000	7283.0000
779.8295	1540.0000	7391.0000
778.8383	1490.0000	7427.0000
777.8472	1527.0000	7529.0000
776.8560	1609.0000	7570.0000
775.8649	1529.0000	7450.0000
774.8737	1581.0000	7469.0000
773.8825	1585.0000	7494.0000
772.8914	1559.0000	7425.0000
771.9002	1585.0000	7526.0000
770.9091	1561.0000	7541.0000
769.9179	1590.0000	7717.0000
768.9267	1616.0000	7606.0000
767.9355	1602.0000	7711.0000
766.9444	1535.0000	7525.0000
765.9532	1539.0000	7565.0000
764.9621	1544.0000	7597.0000
763.9709	1522.0000	7427.0000
762.9797	1527.0000	7381.0000
761.9886	1537.0000	7446.0000
760.9974	1592.0000	7469.0000
760.0063	1518.0000	7350.0000
759.0151	1518.0000	7404.0000
758.0239	1537.0000	7370.0000
757.0328	1589.0000	7555.0000
756.0416	1530.0000	7505.0000
755.0505	1579.0000	7397.0000
754.0593	1559.0000	7559.0000
753.0681	1526.0000	7377.0000
752.0770	1515.0000	7424.0000
751.0858	1501.0000	7513.0000
750.0947	1581.0000	7499.0000
749.1035	1488.0000	7330.0000
748.1123	1566.0000	7438.0000
747.1212	1583.0000	7391.0000
746.1300	1544.0000	7432.0000
745.1389	1548.0000	7456.0000
744.1477	1608.0000	7459.0000
743.1565	1477.0000	7435.0000
742.1653	1555.0000	7449.0000
741.1742	1490.0000	7464.0000
740.1830	1577.0000	7491.0000
739.1919	1527.0000	7592.0000
738.2007	1530.0000	7415.0000
737.2095	1562.0000	7442.0000
736.2184	1493.0000	7448.0000
735.2272	1497.0000	7482.0000
734.2361	1515.0000	7589.0000
733.2449	1611.0000	7512.0000
732.2537	1602.0000	7557.0000
731.2626	1589.0000	7468.0000
730.2714	1502.0000	7410.0000
729.2803	1556.0000	7619.0000
728.2891	1565.0000	7370.0000
727.2979	1497.0000	7478.0000
726.3068	1569.0000	7480.0000
725.3156	1598.0000	7699.0000
724.3245	1597.0000	7516.0000
723.3333	1568.0000	7635.0000
722.3421	1574.0000	7642.0000
721.3510	1516.0000	7545.0000
720.3598	1553.0000	7573.0000
719.3687	1565.0000	7549.0000
718.3775	1596.0000	7668.0000
717.3864	1522.0000	7564.0000
716.3951	1570.0000	7636.0000
715.4040	1593.0000	7479.0000
714.4128	1586.0000	7607.0000
713.4217	1556.0000	7637.0000
712.4305	1530.0000	7446.0000
711.4393	1617.0000	7742.0000
710.4482	1608.0000	7714.0000
709.4570	1530.0000	7469.0000
708.4659	1539.0000	7628.0000
707.4747	1595.0000	7625.0000
706.4835	1592.0000	7711.0000
705.4924	1605.0000	7642.0000
704.5012	1530.0000	7780.0000
703.5101	1476.0000	7682.0000
702.5189	1618.0000	7710.0000
701.5277	1632.0000	7914.0000
700.5366	1638.0000	7869.0000
699.5454	1629.0000	7845.0000
698.5543	1648.0000	7808.0000
697.5631	1594.0000	7866.0000
696.5720	1632.0000	8045.0000
695.5807	1536.0000	7850.0000
694.5896	1571.0000	8052.0000
693.5984	1641.0000	7849.0000
692.6073	1692.0000	7998.0000
691.6161	1611.0000	7812.0000
690.6249	1643.0000	7846.0000
689.6338	1679.0000	7943.0000
688.6426	1638.0000	8035.0000
687.6515	1636.0000	7916.0000
686.6603	1630.0000	8002.0000
685.6691	1590.0000	7866.0000
684.6780	1625.0000	7790.0000
683.6868	1680.0000	7958.0000
682.6957	1580.0000	7732.0000
681.7045	1655.0000	7968.0000
680.7133	1587.0000	7950.0000
679.7222	1706.0000	8130.0000
678.7310	1722.0000	8065.0000
677.7399	1613.0000	8156.0000
676.7487	1634.0000	7927.0000
675.7576	1634.0000	7962.0000
674.7664	1648.0000	8019.0000
673.7752	1653.0000	8074.0000
672.7841	1607.0000	7882.0000
671.7929	1621.0000	7925.0000
670.8018	1638.0000	8067.0000
669.8105	1695.0000	7947.0000
668.8194	1640.0000	8058.0000
667.8282	1658.0000	8024.0000
666.8371	1560.0000	7944.0000
665.8459	1605.0000	8066.0000
664.8547	1639.0000	8021.0000
663.8636	1618.0000	8124.0000
662.8724	1580.0000	8095.0000
661.8813	1686.0000	8192.0000
660.8901	1734.0000	8350.0000
659.8989	1727.0000	8459.0000
658.9078	1658.0000	8246.0000
657.9166	1645.0000	8191.0000
656.9255	1642.0000	8229.0000
655.9343	1620.0000	8246.0000
654.9432	1704.0000	8133.0000
653.9520	1579.0000	8093.0000
652.9608	1645.0000	8161.0000
651.9697	1706.0000	8228.0000
650.9785	1697.0000	8109.0000
649.9874	1634.0000	8119.0000
648.9962	1701.0000	8177.0000
648.0050	1661.0000	8121.0000
647.0139	1644.0000	8041.0000
646.0227	1729.0000	8285.0000
645.0316	1712.0000	8156.0000
644.0403	1657.0000	8227.0000
643.0492	1674.0000	8238.0000
642.0580	1675.0000	8165.0000
641.0669	1660.0000	7964.0000
640.0757	1672.0000	8091.0000
639.0845	1662.0000	8069.0000
638.0934	1665.0000	8044.0000
637.1022	1688.0000	8334.0000
636.1111	1724.0000	8194.0000
635.1199	1697.0000	8315.0000
634.1288	1662.0000	8181.0000
633.1376	1658.0000	8340.0000
632.1464	1606.0000	8111.0000
631.1553	1661.0000	8234.0000
630.1641	1637.0000	8072.0000
629.1730	1669.0000	8202.0000
628.1818	1710.0000	8189.0000
627.1906	1695.0000	8079.0000
626.1995	1742.0000	8163.0000
625.2083	1654.0000	8099.0000
624.2172	1615.0000	8141.0000
623.2260	1687.0000	8173.0000
622.2348	1716.0000	8178.0000
621.2437	1644.0000	8153.0000
620.2525	1610.0000	8119.0000
619.2614	1674.0000	8027.0000
618.2701	1714.0000	8344.0000
617.2790	1741.0000	8291.0000
616.2878	1642.0000	8213.0000
615.2967	1692.0000	8191.0000
614.3055	1691.0000	8158.0000
613.3143	1713.0000	8062.0000
612.3232	1667.0000	8238.0000
611.3320	1616.0000	8046.0000
610.3409	1680.0000	8122.0000
609.3497	1728.0000	8208.0000
608.3586	1689.0000	8183.0000
607.3674	1596.0000	8102.0000
606.3762	1677.0000	8195.0000
605.3851	1728.0000	8213.0000
604.3939	1732.0000	8342.0000
603.4028	1662.0000	8159.0000
602.4116	1686.0000	8222.0000
601.4204	1686.0000	8263.0000
600.4293	1651.0000	8173.0000
599.4381	1730.0000	8341.0000
598.4470	1713.0000	8094.0000
597.4557	1640.0000	8202.0000
596.4646	1738.0000	8439.0000
595.4734	1679.0000	8324.0000
594.4823	1719.0000	8227.0000
593.4911	1675.0000	8131.0000
592.4999	1737.0000	8366.0000
591.5088	1658.0000	8267.0000
590.5176	1660.0000	8189.0000
589.5265	1702.0000	8180.0000
588.5353	1658.0000	8195.0000
587.5442	1679.0000	8220.0000
586.5530	1722.0000	8284.0000
585.5618	1703.0000	8442.0000
584.5707	1694.0000	8215.0000
583.5795	1745.0000	8158.0000
582.5884	1662.0000	8149.0000
581.5972	1701.0000	8287.0000
580.6060	1647.0000	8162.0000
579.6149	1718.0000	8218.0000
578.6237	1703.0000	8227.0000
577.6326	1682.0000	8146.0000
576.6414	1668.0000	8316.0000
575.6502	1645.0000	8246.0000
574.6591	1685.0000	8339.0000
573.6679	1685.0000	8136.0000
572.6768	1681.0000	8299.0000
571.6855	1666.0000	8263.0000
570.6944	1651.0000	8207.0000
569.7032	1734.0000	8375.0000
568.7121	1660.0000	8213.0000
567.7209	1752.0000	8322.0000
566.7298	1720.0000	8326.0000
565.7386	1689.0000	8275.0000
564.7474	1640.0000	8229.0000
563.7563	1638.0000	8131.0000
562.7651	1706.0000	8348.0000
561.7740	1701.0000	8288.0000
560.7828	1670.0000	8400.0000
559.7916	1810.0000	8894.0000
558.8005	1844.0000	8832.0000
557.8093	1937.0000	9628.0000
556.8182	1846.0000	8946.0000
555.8270	1744.0000	8539.0000
554.8358	1713.0000	8510.0000
553.8447	1713.0000	8310.0000
552.8535	1828.0000	8631.0000
551.8624	1714.0000	8454.0000
550.8712	1686.0000	8331.0000
549.8800	1692.0000	8391.0000
548.8889	1673.0000	8492.0000
547.8977	1692.0000	8597.0000
546.9066	1713.0000	8679.0000
545.9154	1708.0000	8477.0000
544.9242	1803.0000	8562.0000
543.9330	1742.0000	8718.0000
542.9419	1831.0000	8785.0000
541.9507	1771.0000	8608.0000
540.9596	1788.0000	8758.0000
539.9684	1867.0000	8975.0000
538.9772	1913.0000	9444.0000
537.9861	1912.0000	9161.0000
536.9949	1851.0000	9092.0000
536.0038	1829.0000	8927.0000
535.0126	1773.0000	8815.0000
534.0214	1854.0000	8812.0000
533.0303	1873.0000	8996.0000
532.0391	1781.0000	8787.0000
531.0480	1887.0000	8989.0000
530.0568	1790.0000	8847.0000
529.0656	1782.0000	8871.0000
528.0745	1830.0000	8895.0000
527.0833	1784.0000	8885.0000
526.0922	1793.0000	8941.0000
525.1010	1817.0000	8981.0000
524.1098	1881.0000	9204.0000
523.1187	1872.0000	9239.0000
522.1275	1872.0000	9237.0000
521.1364	1864.0000	9354.0000
520.1452	1949.0000	9465.0000
519.1540	1962.0000	9600.0000
518.1628	1960.0000	9643.0000
517.1717	2000.0000	10041.0000
516.1805	2033.0000	10041.0000
515.1894	2073.0000	10136.0000
514.1982	2078.0000	10238.0000
513.2070	2008.0000	9993.0000
512.2159	1998.0000	9950.0000
511.2247	1976.0000	9750.0000
510.2336	1990.0000	9685.0000
509.2424	1912.0000	9619.0000
508.2513	1958.0000	9651.0000
507.2601	1922.0000	9537.0000
506.2689	2001.0000	9643.0000
505.2777	1920.0000	9608.0000
504.2866	1930.0000	9527.0000
503.2954	1932.0000	9703.0000
502.3043	2071.0000	9921.0000
501.3131	1936.0000	9622.0000
500.3220	1892.0000	9654.0000
499.3308	1939.0000	9797.0000
498.3396	2007.0000	9882.0000
497.3484	2020.0000	9937.0000
496.3573	1980.0000	9940.0000
495.3661	1993.0000	10038.0000
494.3750	2047.0000	9943.0000
493.3838	2096.0000	10092.0000
492.3926	2058.0000	10027.0000
491.4015	2019.0000	10123.0000
490.4103	1946.0000	9851.0000
489.4192	2003.0000	9983.0000
488.4280	2017.0000	9926.0000
487.4369	2053.0000	9983.0000
486.4457	1949.0000	9852.0000
485.4545	2010.0000	9766.0000
484.4633	2081.0000	9961.0000
483.4722	1992.0000	9881.0000
482.4810	2019.0000	10072.0000
481.4899	2045.0000	10057.0000
480.4987	2023.0000	9984.0000
479.5076	2066.0000	10144.0000
478.5164	2056.0000	10205.0000
477.5252	2071.0000	10094.0000
476.5341	2059.0000	10174.0000
475.5429	2071.0000	10075.0000
474.5518	2068.0000	10149.0000
473.5606	2089.0000	10227.0000
472.5694	2075.0000	10154.0000
471.5782	2034.0000	10119.0000
470.5871	2030.0000	9834.0000
469.5959	2074.0000	10187.0000
468.6048	2014.0000	10075.0000
467.6136	2044.0000	10097.0000
466.6225	2060.0000	10290.0000
465.6313	2082.0000	10140.0000
464.6401	1982.0000	9949.0000
463.6490	2054.0000	10165.0000
462.6578	1985.0000	10022.0000
461.6667	2000.0000	10018.0000
460.6755	2058.0000	10122.0000
459.6843	2058.0000	10087.0000
458.6932	2045.0000	10150.0000
457.7020	2059.0000	10172.0000
456.7108	2063.0000	10079.0000
455.7197	2030.0000	10095.0000
454.7285	2132.0000	10076.0000
453.7374	2052.0000	10183.0000
452.7462	2157.0000	10120.0000
451.7550	2052.0000	10193.0000
450.7639	2038.0000	10035.0000
449.7727	1982.0000	10082.0000
448.7816	2026.0000	10236.0000
447.7904	2043.0000	10173.0000
446.7992	2078.0000	10176.0000
445.8081	2030.0000	10113.0000
444.8169	2071.0000	10227.0000
443.8257	2096.0000	10224.0000
442.8346	2059.0000	10076.0000
441.8434	2087.0000	10204.0000
440.8523	2044.0000	10206.0000
439.8611	2124.0000	10225.0000
438.8699	2139.0000	10240.0000
437.8788	2027.0000	10107.0000
436.8876	2046.0000	10080.0000
435.8965	2079.0000	10306.0000
434.9053	2070.0000	10114.0000
433.9141	2150.0000	10311.0000
432.9230	2121.0000	10273.0000
431.9318	2074.0000	10282.0000
430.9406	2055.0000	10246.0000
429.9495	2097.0000	10286.0000
428.9583	2179.0000	10320.0000
427.9672	2131.0000	10325.0000
426.9760	2083.0000	10383.0000
425.9848	2062.0000	10380.0000
424.9937	2161.0000	10483.0000
424.0025	2137.0000	10353.0000
423.0114	2157.0000	10467.0000
422.0202	2138.0000	10600.0000
421.0290	2256.0000	10627.0000
420.0379	2203.0000	10731.0000
419.0467	2288.0000	10973.0000
418.0555	2342.0000	10973.0000
417.0644	2182.0000	10895.0000
416.0732	2319.0000	11057.0000
415.0821	2294.0000	11117.0000
414.0909	2315.0000	11528.0000
413.0997	2492.0000	12075.0000
412.1086	2686.0000	12858.0000
411.1174	2739.0000	13994.0000
410.1263	2756.0000	13774.0000
409.1351	3076.0000	15056.0000
408.1439	3163.0000	15486.0000
407.1528	2998.0000	14577.0000
406.1616	2714.0000	13078.0000
405.1704	2614.0000	13062.0000
404.1793	2488.0000	12208.0000
403.1881	2391.0000	11830.0000
402.1970	2465.0000	12141.0000
401.2058	2465.0000	11965.0000
400.2146	2414.0000	11913.0000
399.2235	2471.0000	11997.0000
398.2323	2416.0000	12031.0000
397.2411	2452.0000	12225.0000
396.2500	2532.0000	12332.0000
395.2588	2462.0000	12299.0000
394.2677	2521.0000	12309.0000
393.2765	2524.0000	12470.0000
392.2853	2566.0000	12506.0000
391.2942	2631.0000	12684.0000
390.3030	2616.0000	12594.0000
389.3119	2634.0000	12969.0000
388.3207	2625.0000	12786.0000
387.3295	2609.0000	12729.0000
386.3384	2771.0000	13287.0000
385.3472	2804.0000	13682.0000
384.3560	2842.0000	14218.0000
383.3649	2847.0000	14218.0000
382.3737	3028.0000	14949.0000
381.3826	3099.0000	15038.0000
380.3914	3013.0000	14654.0000
379.4002	3022.0000	14439.0000
378.4091	2804.0000	13887.0000
377.4179	2828.0000	13824.0000
376.4268	2764.0000	13701.0000
375.4356	2749.0000	13305.0000
374.4444	2729.0000	13446.0000
373.4533	2730.0000	13430.0000
372.4621	2810.0000	13395.0000
371.4709	2711.0000	13319.0000
370.4798	2669.0000	13329.0000
369.4886	2749.0000	13364.0000
368.4975	2735.0000	13322.0000
367.5063	2730.0000	13303.0000
366.5151	2756.0000	13430.0000
365.5240	2668.0000	13338.0000
364.5328	2727.0000	13503.0000
363.5417	2700.0000	13488.0000
362.5505	2753.0000	13487.0000
361.5593	2794.0000	13504.0000
360.5682	2782.0000	13768.0000
359.5770	2836.0000	13654.0000
358.5858	2766.0000	13488.0000
357.5947	2738.0000	13227.0000
356.6035	2731.0000	13568.0000
355.6124	2817.0000	13590.0000
354.6212	2693.0000	13495.0000
353.6300	2790.0000	13705.0000
352.6389	2721.0000	13661.0000
351.6477	2855.0000	13712.0000
350.6566	2801.0000	13535.0000
349.6654	2711.0000	13490.0000
348.6742	2710.0000	13447.0000
347.6831	2708.0000	13392.0000
346.6919	2793.0000	13482.0000
345.7007	2803.0000	13487.0000
344.7096	2745.0000	13583.0000
343.7184	2773.0000	13627.0000
342.7273	2776.0000	13620.0000
341.7361	2712.0000	13598.0000
340.7449	2768.0000	13520.0000
339.7538	2698.0000	13605.0000
338.7626	2712.0000	13595.0000
337.7715	2751.0000	13539.0000
336.7803	2748.0000	13567.0000
335.7891	2786.0000	13590.0000
334.7980	2831.0000	13608.0000
333.8068	2801.0000	13598.0000
332.8156	2726.0000	13590.0000
331.8245	2793.0000	13699.0000
330.8333	2747.0000	13672.0000
329.8422	2814.0000	13802.0000
328.8510	2840.0000	13794.0000
327.8598	2842.0000	13673.0000
326.8687	2788.0000	13762.0000
325.8775	2787.0000	13693.0000
324.8864	2782.0000	13708.0000
323.8952	2779.0000	13781.0000
322.9040	2782.0000	13546.0000
321.9129	2873.0000	13979.0000
320.9217	2800.0000	13805.0000
319.9305	2745.0000	13644.0000
318.9394	2833.0000	13991.0000
317.9482	2841.0000	13749.0000
316.9571	2799.0000	13909.0000
315.9659	2763.0000	13869.0000
314.9747	2790.0000	13706.0000
313.9836	2818.0000	13798.0000
312.9924	2765.0000	13789.0000
312.0013	2756.0000	13740.0000
311.0101	2763.0000	13786.0000
310.0189	2746.0000	13724.0000
309.0278	2870.0000	13854.0000
308.0366	2870.0000	13986.0000
307.0454	2749.0000	13794.0000
306.0543	2772.0000	13780.0000
305.0631	2837.0000	13786.0000
304.0720	2812.0000	13921.0000
303.0808	2779.0000	13804.0000
302.0896	2846.0000	13963.0000
301.0985	2780.0000	13875.0000
300.1073	2781.0000	13646.0000
299.1161	2879.0000	13957.0000
298.1250	2748.0000	13844.0000
297.1338	2782.0000	13760.0000
296.1427	2841.0000	13989.0000
295.1515	2764.0000	13786.0000
294.1603	2797.0000	13882.0000
293.1692	2855.0000	14002.0000
292.1780	2907.0000	14058.0000
291.1869	2742.0000	13812.0000
290.1957	2830.0000	13904.0000
289.2045	2872.0000	14112.0000
288.2134	2893.0000	14029.0000
287.2222	2873.0000	13888.0000
286.2310	2823.0000	13931.0000
285.2399	2865.0000	14005.0000
284.2487	2794.0000	13898.0000
283.2576	2832.0000	14192.0000
282.2664	2827.0000	14107.0000
281.2752	2841.0000	14195.0000
280.2841	2890.0000	14208.0000
279.2929	2944.0000	14289.0000
278.3018	2971.0000	14547.0000
277.3106	2935.0000	14614.0000
276.3194	3025.0000	14679.0000
275.3283	3016.0000	14753.0000
274.3371	3018.0000	14855.0000
273.3459	3044.0000	15010.0000
272.3548	3011.0000	15031.0000
271.3636	3047.0000	15150.0000
270.3725	3088.0000	15253.0000
269.3813	3135.0000	15100.0000
268.3901	2994.0000	15061.0000
267.3990	3044.0000	15216.0000
266.4078	3012.0000	15278.0000
265.4167	3113.0000	15284.0000
264.4255	3102.0000	15247.0000
263.4343	3106.0000	15148.0000
262.4432	3127.0000	15228.0000
261.4520	3052.0000	15094.0000
260.4608	3005.0000	15124.0000
259.4697	3085.0000	15138.0000
258.4785	3098.0000	15066.0000
257.4874	3076.0000	15136.0000
256.4962	3038.0000	15198.0000
255.5051	3048.0000	15081.0000
254.5139	3097.0000	15285.0000
253.5227	3115.0000	15302.0000
252.5316	3156.0000	15401.0000
251.5404	3028.0000	15309.0000
250.5492	3071.0000	15363.0000
249.5581	3053.0000	15180.0000
248.5669	3022.0000	15248.0000
247.5758	3029.0000	15437.0000
246.5846	3160.0000	15462.0000
245.5934	3103.0000	15456.0000
244.6023	3117.0000	15275.0000
243.6111	3098.0000	15232.0000
242.6199	3160.0000	15514.0000
241.6288	3081.0000	15371.0000
240.6376	3076.0000	15686.0000
239.6465	3156.0000	15574.0000
238.6553	3080.0000	15375.0000
237.6641	3133.0000	15273.0000
236.6730	3077.0000	15378.0000
235.6818	3130.0000	15485.0000
234.6907	3140.0000	15509.0000
233.6995	3072.0000	15267.0000
232.7083	3199.0000	15520.0000
231.7172	3136.0000	15638.0000
230.7260	3198.0000	15653.0000
229.7348	3145.0000	15286.0000
228.7437	3140.0000	15678.0000
227.7525	3199.0000	15721.0000
226.7614	3209.0000	15749.0000
225.7702	3174.0000	15597.0000
224.7790	3245.0000	15876.0000
223.7879	3214.0000	15865.0000
222.7967	3148.0000	15697.0000
221.8056	3184.0000	15728.0000
220.8144	3233.0000	15695.0000
219.8232	3235.0000	15678.0000
218.8321	3260.0000	15906.0000
217.8409	3212.0000	15873.0000
216.8497	3291.0000	16070.0000
215.8586	3238.0000	15903.0000
214.8674	3239.0000	15784.0000
213.8763	3251.0000	16098.0000
212.8851	3346.0000	16088.0000
211.8939	3262.0000	16160.0000
210.9028	3215.0000	16261.0000
209.9116	3200.0000	15966.0000
208.9205	3314.0000	16141.0000
207.9293	3328.0000	16331.0000
206.9381	3226.0000	16171.0000
205.9470	3314.0000	16266.0000
204.9558	3292.0000	16302.0000
203.9646	3361.0000	16421.0000
202.9735	3343.0000	16483.0000
201.9823	3306.0000	16226.0000
200.9912	3273.0000	16122.0000
