1488.3000	51.0000	53.0000
1487.3090	1.0000	4.0000
1486.3180	2.0000	3.0000
1485.3270	2.0000	5.0000
1484.3361	1.0000	4.0000
1483.3450	1.0000	2.0000
1482.3540	3.0000	4.0000
1481.3630	0.0000	1.0000
1480.3719	0.0000	5.0000
1479.3810	1.0000	4.0000
1478.3900	2.0000	2.0000
1477.3990	2.0000	5.0000
1476.4080	6.0000	13.0000
1475.4170	3.0000	8.0000
1474.4260	3.0000	6.0000
1473.4351	0.0000	2.0000
1472.4440	4.0000	6.0000
1471.4530	2.0000	5.0000
1470.4620	6.0000	13.0000
1469.4709	2.0000	5.0000
1468.4800	4.0000	4.0000
1467.4890	2.0000	4.0000
1466.4980	1.0000	4.0000
1465.5070	1.0000	7.0000
1464.5160	4.0000	6.0000
1463.5250	0.0000	5.0000
1462.5341	3.0000	8.0000
1461.5430	10.0000	12.0000
1460.5520	6.0000	10.0000
1459.5610	4.0000	9.0000
1458.5699	5.0000	9.0000
1457.5790	3.0000	4.0000
1456.5880	7.0000	11.0000
1455.5970	6.0000	10.0000
1454.6060	6.0000	8.0000
1453.6150	5.0000	7.0000
1452.6240	1.0000	4.0000
1451.6331	2.0000	5.0000
1450.6420	3.0000	5.0000
1449.6510	3.0000	7.0000
1448.6600	3.0000	7.0000
1447.6689	4.0000	11.0000
1446.6780	3.0000	11.0000
1445.6870	2.0000	3.0000
1444.6960	4.0000	8.0000
1443.7050	1.0000	5.0000
1442.7140	2.0000	6.0000
1441.7230	2.0000	4.0000
1440.7321	1.0000	3.0000
1439.7410	3.0000	11.0000
1438.7500	4.0000	9.0000
1437.7590	6.0000	14.0000
1436.7679	9.0000	10.0000
1435.7770	4.0000	9.0000
1434.7860	6.0000	12.0000
1433.7950	6.0000	11.0000
1432.8040	5.0000	7.0000
1431.8130	5.0000	7.0000
1430.8220	4.0000	12.0000
1429.8311	1.0000	3.0000
1428.8400	2.0000	4.0000
1427.8490	2.0000	4.0000
1426.8580	2.0000	4.0000
1425.8669	4.0000	8.0000
1424.8760	4.0000	10.0000
1423.8850	4.0000	7.0000
1422.8940	5.0000	12.0000
1421.9030	4.0000	6.0000
1420.9120	3.0000	6.0000
1419.9210	2.0000	7.0000
1418.9301	2.0000	6.0000
1417.9390	3.0000	8.0000
1416.9480	6.0000	11.0000
1415.9570	1.0000	4.0000
1414.9659	5.0000	9.0000
1413.9750	3.0000	6.0000
1412.9840	3.0000	6.0000
1411.9930	5.0000	10.0000
1411.0020	3.0000	5.0000
1410.0110	6.0000	8.0000
1409.0200	4.0000	5.0000
1408.0291	4.0000	10.0000
1407.0380	4.0000	6.0000
1406.0470	4.0000	7.0000
1405.0560	4.0000	8.0000
1404.0649	6.0000	7.0000
1403.0740	3.0000	4.0000
1402.0830	7.0000	11.0000
1401.0920	4.0000	8.0000
1400.1010	4.0000	9.0000
1399.1100	6.0000	14.0000
1398.1190	2.0000	5.0000
1397.1281	1.0000	9.0000
1396.1370	2.0000	8.0000
1395.1460	6.0000	9.0000
1394.1550	3.0000	4.0000
1393.1639	7.0000	10.0000
1392.1730	4.0000	5.0000
1391.1820	3.0000	10.0000
1390.1910	3.0000	6.0000
1389.2000	5.0000	8.0000
1388.2090	5.0000	10.0000
1387.2180	0.0000	5.0000
1386.2271	5.0000	10.0000
1385.2360	6.0000	6.0000
1384.2450	1.0000	6.0000
1383.2540	5.0000	11.0000
1382.2629	6.0000	10.0000
1381.2720	2.0000	4.0000
1380.2810	4.0000	8.0000
1379.2900	6.0000	13.0000
1378.2990	3.0000	5.0000
1377.3080	4.0000	8.0000
1376.3170	6.0000	8.0000
1375.3260	5.0000	7.0000
1374.3350	5.0000	9.0000
1373.3440	4.0000	7.0000
1372.3530	2.0000	7.0000
1371.3621	2.0000	7.0000
1370.3710	7.0000	9.0000
1369.3800	2.0000	6.0000
1368.3890	3.0000	12.0000
1367.3979	0.0000	2.0000
1366.4070	5.0000	7.0000
1365.4160	2.0000	5.0000
1364.4250	7.0000	12.0000
1363.4340	4.0000	8.0000
1362.4430	8.0000	14.0000
1361.4520	4.0000	7.0000
1360.4611	4.0000	10.0000
1359.4700	7.0000	13.0000
1358.4790	3.0000	8.0000
1357.4880	6.0000	14.0000
1356.4969	5.0000	11.0000
1355.5060	8.0000	18.0000
1354.5150	11.0000	19.0000
1353.5240	12.0000	20.0000
1352.5330	18.0000	36.0000
1351.5420	14.0000	31.0000
1350.5510	21.0000	33.0000
1349.5601	18.0000	45.0000
1348.5690	17.0000	40.0000
1347.5780	20.0000	40.0000
1346.5870	19.0000	33.0000
1345.5959	16.0000	32.0000
1344.6050	17.0000	36.0000
1343.6140	18.0000	31.0000
1342.6230	16.0000	35.0000
1341.6320	13.0000	25.0000
1340.6410	12.0000	23.0000
1339.6500	15.0000	26.0000
1338.6591	9.0000	22.0000
1337.6680	13.0000	22.0000
1336.6770	8.0000	18.0000
1335.6860	14.0000	22.0000
1334.6949	14.0000	35.0000
1333.7040	18.0000	27.0000
1332.7130	14.0000	26.0000
1331.7220	8.0000	23.0000
1330.7310	18.0000	30.0000
1329.7400	21.0000	30.0000
1328.7490	14.0000	27.0000
1327.7581	20.0000	34.0000
1326.7670	15.0000	25.0000
1325.7760	12.0000	29.0000
1324.7850	11.0000	24.0000
1323.7939	11.0000	25.0000
1322.8030	17.0000	28.0000
1321.8120	14.0000	30.0000
1320.8210	15.0000	27.0000
1319.8300	12.0000	30.0000
1318.8390	13.0000	28.0000
1317.8480	25.0000	40.0000
1316.8571	15.0000	29.0000
1315.8660	11.0000	26.0000
1314.8750	22.0000	38.0000
1313.8840	12.0000	29.0000
1312.8929	20.0000	37.0000
1311.9020	12.0000	24.0000
1310.9110	16.0000	32.0000
1309.9200	22.0000	34.0000
1308.9290	18.0000	30.0000
1307.9380	12.0000	30.0000
1306.9470	22.0000	37.0000
1305.9561	13.0000	27.0000
1304.9650	17.0000	39.0000
1303.9740	11.0000	30.0000
1302.9830	15.0000	30.0000
1301.9919	10.0000	22.0000
1301.0010	10.0000	36.0000
1300.0100	23.0000	39.0000
1299.0190	19.0000	32.0000
1298.0280	18.0000	33.0000
1297.0370	16.0000	35.0000
1296.0460	18.0000	36.0000
1295.0551	23.0000	35.0000
1294.0640	20.0000	42.0000
1293.0730	18.0000	36.0000
1292.0820	18.0000	35.0000
1291.0909	22.0000	40.0000
1290.1000	19.0000	37.0000
1289.1090	21.0000	37.0000
1288.1180	24.0000	44.0000
1287.1270	30.0000	51.0000
1286.1360	21.0000	37.0000
1285.1450	21.0000	41.0000
1284.1541	29.0000	45.0000
1283.1630	21.0000	36.0000
1282.1720	17.0000	45.0000
1281.1810	37.0000	55.0000
1280.1899	22.0000	53.0000
1279.1990	28.0000	46.0000
1278.2080	23.0000	40.0000
1277.2170	21.0000	40.0000
1276.2260	23.0000	50.0000
1275.2350	28.0000	52.0000
1274.2440	25.0000	49.0000
1273.2531	30.0000	60.0000
1272.2620	32.0000	59.0000
1271.2710	27.0000	49.0000
1270.2800	26.0000	50.0000
1269.2889	23.0000	41.0000
1268.2980	20.0000	39.0000
1267.3070	26.0000	55.0000
1266.3160	30.0000	56.0000
1265.3250	27.0000	59.0000
1264.3340	37.0000	65.0000
1263.3430	24.0000	58.0000
1262.3521	26.0000	52.0000
1261.3610	21.0000	47.0000
1260.3700	22.0000	45.0000
1259.3790	25.0000	62.0000
1258.3879	35.0000	65.0000
1257.3970	25.0000	61.0000
1256.4060	30.0000	54.0000
1255.4150	25.0000	59.0000
1254.4240	25.0000	53.0000
1253.4330	45.0000	83.0000
1252.4420	38.0000	73.0000
1251.4510	35.0000	63.0000
1250.4600	25.0000	59.0000
1249.4690	31.0000	67.0000
1248.4780	34.0000	64.0000
1247.4871	31.0000	70.0000
1246.4960	51.0000	81.0000
1245.5050	45.0000	91.0000
1244.5140	48.0000	90.0000
1243.5229	36.0000	77.0000
1242.5320	30.0000	66.0000
1241.5410	41.0000	81.0000
1240.5500	44.0000	87.0000
1239.5590	32.0000	73.0000
1238.5680	36.0000	74.0000
1237.5770	40.0000	74.0000
1236.5861	59.0000	113.0000
1235.5950	52.0000	101.0000
1234.6040	69.0000	128.0000
1233.6130	57.0000	132.0000
1232.6219	72.0000	128.0000
1231.6310	64.0000	136.0000
1230.6400	69.0000	128.0000
1229.6490	65.0000	133.0000
1228.6580	56.0000	115.0000
1227.6670	56.0000	101.0000
1226.6760	48.0000	106.0000
1225.6851	50.0000	114.0000
1224.6940	43.0000	116.0000
1223.7030	54.0000	119.0000
1222.7120	74.0000	127.0000
1221.7209	58.0000	106.0000
1220.7300	49.0000	119.0000
1219.7390	58.0000	117.0000
1218.7480	43.0000	107.0000
1217.7570	51.0000	109.0000
1216.7660	75.0000	143.0000
1215.7750	79.0000	142.0000
1214.7841	77.0000	135.0000
1213.7930	79.0000	151.0000
1212.8020	88.0000	149.0000
1211.8110	75.0000	140.0000
1210.8199	67.0000	153.0000
1209.8290	67.0000	123.0000
1208.8380	78.0000	155.0000
1207.8470	73.0000	143.0000
1206.8560	77.0000	138.0000
1205.8650	72.0000	138.0000
1204.8740	79.0000	152.0000
1203.8831	76.0000	156.0000
1202.8920	73.0000	150.0000
1201.9010	84.0000	149.0000
1200.9100	84.0000	159.0000
1199.9189	83.0000	158.0000
1198.9280	90.0000	173.0000
1197.9370	99.0000	205.0000
1196.9460	171.0000	310.0000
1195.9550	102.0000	201.0000
1194.9640	103.0000	205.0000
1193.9730	97.0000	186.0000
1192.9821	103.0000	200.0000
1191.9910	100.0000	187.0000
1191.0000	103.0000	199.0000
1190.0090	78.0000	161.0000
1189.0179	103.0000	188.0000
1188.0270	90.0000	177.0000
1187.0360	78.0000	152.0000
1186.0450	105.0000	189.0000
1185.0540	107.0000	189.0000
1184.0630	89.0000	171.0000
1183.0720	91.0000	186.0000
1182.0811	93.0000	182.0000
1181.0900	90.0000	192.0000
1180.0990	80.0000	167.0000
1179.1080	86.0000	172.0000
1178.1169	98.0000	194.0000
1177.1260	101.0000	199.0000
1176.1350	85.0000	181.0000
1175.1440	107.0000	207.0000
1174.1530	99.0000	191.0000
1173.1620	106.0000	226.0000
1172.1710	86.0000	182.0000
1171.1801	107.0000	207.0000
1170.1890	122.0000	237.0000
1169.1980	98.0000	202.0000
1168.2070	87.0000	187.0000
1167.2159	94.0000	209.0000
1166.2250	104.0000	222.0000
1165.2340	103.0000	211.0000
1164.2430	104.0000	205.0000
1163.2520	107.0000	226.0000
1162.2610	82.0000	190.0000
1161.2700	102.0000	196.0000
1160.2791	98.0000	184.0000
1159.2880	93.0000	181.0000
1158.2970	102.0000	187.0000
1157.3060	100.0000	202.0000
1156.3149	111.0000	230.0000
1155.3240	97.0000	190.0000
1154.3330	105.0000	210.0000
1153.3420	101.0000	204.0000
1152.3510	88.0000	209.0000
1151.3600	106.0000	218.0000
1150.3690	96.0000	185.0000
1149.3781	85.0000	193.0000
1148.3870	80.0000	176.0000
1147.3960	124.0000	229.0000
1146.4050	96.0000	201.0000
1145.4139	100.0000	193.0000
1144.4230	79.0000	193.0000
1143.4320	102.0000	206.0000
1142.4410	115.0000	221.0000
1141.4500	96.0000	197.0000
1140.4590	83.0000	183.0000
1139.4680	91.0000	180.0000
1138.4771	128.0000	219.0000
1137.4860	104.0000	203.0000
1136.4950	100.0000	206.0000
1135.5040	103.0000	204.0000
1134.5129	116.0000	242.0000
1133.5220	116.0000	231.0000
1132.5310	113.0000	212.0000
1131.5400	112.0000	221.0000
1130.5490	110.0000	248.0000
1129.5580	119.0000	221.0000
1128.5670	98.0000	219.0000
1127.5760	107.0000	211.0000
1126.5850	100.0000	200.0000
1125.5940	108.0000	202.0000
1124.6030	113.0000	213.0000
1123.6121	108.0000	212.0000
1122.6210	106.0000	201.0000
1121.6300	97.0000	205.0000
1120.6390	99.0000	204.0000
1119.6479	112.0000	222.0000
1118.6570	110.0000	228.0000
1117.6660	95.0000	208.0000
1116.6750	114.0000	208.0000
1115.6840	93.0000	204.0000
1114.6930	109.0000	212.0000
1113.7020	116.0000	227.0000
1112.7111	84.0000	205.0000
1111.7200	88.0000	195.0000
1110.7290	100.0000	216.0000
1109.7380	104.0000	207.0000
1108.7469	99.0000	202.0000
1107.7560	109.0000	218.0000
1106.7650	90.0000	211.0000
1105.7740	115.0000	214.0000
1104.7830	94.0000	202.0000
1103.7920	107.0000	200.0000
1102.8010	104.0000	221.0000
1101.8101	103.0000	227.0000
1100.8190	98.0000	189.0000
1099.8280	103.0000	209.0000
1098.8370	107.0000	222.0000
1097.8459	111.0000	221.0000
1096.8550	82.0000	189.0000
1095.8640	117.0000	232.0000
1094.8730	136.0000	249.0000
1093.8820	111.0000	230.0000
1092.8910	116.0000	233.0000
1091.9000	102.0000	218.0000
1090.9091	102.0000	197.0000
1089.9180	99.0000	214.0000
1088.9270	105.0000	225.0000
1087.9360	109.0000	213.0000
1086.9449	111.0000	224.0000
1085.9540	109.0000	228.0000
1084.9630	107.0000	238.0000
1083.9720	122.0000	249.0000
1082.9810	122.0000	234.0000
1081.9900	104.0000	218.0000
1080.9990	102.0000	243.0000
1080.0081	109.0000	229.0000
1079.0170	132.0000	248.0000
1078.0260	122.0000	229.0000
1077.0350	111.0000	201.0000
1076.0439	115.0000	242.0000
1075.0530	109.0000	229.0000
1074.0620	110.0000	209.0000
1073.0710	81.0000	196.0000
1072.0800	108.0000	233.0000
1071.0890	107.0000	238.0000
1070.0980	115.0000	235.0000
1069.1071	105.0000	225.0000
1068.1160	102.0000	234.0000
1067.1250	104.0000	220.0000
1066.1340	111.0000	251.0000
1065.1429	108.0000	234.0000
1064.1520	111.0000	241.0000
1063.1610	125.0000	263.0000
1062.1700	126.0000	251.0000
1061.1790	105.0000	232.0000
1060.1880	94.0000	225.0000
1059.1970	109.0000	224.0000
1058.2061	107.0000	195.0000
1057.2150	99.0000	221.0000
1056.2240	121.0000	233.0000
1055.2330	132.0000	248.0000
1054.2419	120.0000	249.0000
1053.2510	104.0000	242.0000
1052.2600	110.0000	219.0000
1051.2690	98.0000	217.0000
1050.2780	103.0000	216.0000
1049.2870	113.0000	215.0000
1048.2960	122.0000	241.0000
1047.3051	117.0000	233.0000
1046.3140	100.0000	211.0000
1045.3230	108.0000	222.0000
1044.3320	97.0000	216.0000
1043.3409	94.0000	214.0000
1042.3500	116.0000	210.0000
1041.3590	113.0000	234.0000
1040.3680	130.0000	251.0000
1039.3770	96.0000	223.0000
1038.3860	98.0000	215.0000
1037.3950	104.0000	232.0000
1036.4041	111.0000	219.0000
1035.4130	112.0000	210.0000
1034.4220	125.0000	250.0000
1033.4310	104.0000	221.0000
1032.4399	109.0000	220.0000
1031.4490	121.0000	233.0000
1030.4580	124.0000	221.0000
1029.4670	99.0000	217.0000
1028.4760	106.0000	218.0000
1027.4850	121.0000	240.0000
1026.4940	100.0000	208.0000
1025.5031	113.0000	228.0000
1024.5120	120.0000	223.0000
1023.5210	97.0000	220.0000
1022.5300	132.0000	251.0000
1021.5390	111.0000	213.0000
1020.5480	109.0000	216.0000
1019.5570	94.0000	214.0000
1018.5660	115.0000	239.0000
1017.5750	126.0000	228.0000
1016.5840	111.0000	225.0000
1015.5930	111.0000	223.0000
1014.6020	94.0000	212.0000
1013.6110	114.0000	234.0000
1012.6200	123.0000	231.0000
1011.6290	105.0000	199.0000
1010.6380	118.0000	236.0000
1009.6470	125.0000	236.0000
1008.6560	104.0000	220.0000
1007.6650	109.0000	223.0000
1006.6740	118.0000	203.0000
1005.6830	100.0000	226.0000
1004.6920	107.0000	206.0000
1003.7010	108.0000	200.0000
1002.7100	118.0000	235.0000
1001.7190	112.0000	226.0000
1000.7280	109.0000	230.0000
999.7370	112.0000	221.0000
998.7460	107.0000	214.0000
997.7550	104.0000	200.0000
996.7640	109.0000	228.0000
995.7730	123.0000	247.0000
994.7820	101.0000	208.0000
993.7910	96.0000	189.0000
992.8000	110.0000	207.0000
991.8090	105.0000	218.0000
990.8180	106.0000	230.0000
989.8270	107.0000	219.0000
988.8360	114.0000	225.0000
987.8450	127.0000	249.0000
986.8540	125.0000	233.0000
985.8630	112.0000	232.0000
984.8720	125.0000	235.0000
983.8810	123.0000	230.0000
982.8900	114.0000	224.0000
981.8990	103.0000	218.0000
980.9080	123.0000	248.0000
979.9170	108.0000	220.0000
978.9260	101.0000	204.0000
977.9350	94.0000	209.0000
976.9440	120.0000	225.0000
975.9530	97.0000	229.0000
974.9620	107.0000	217.0000
973.9710	102.0000	209.0000
972.9800	108.0000	205.0000
971.9890	105.0000	219.0000
970.9980	117.0000	242.0000
970.0070	126.0000	238.0000
969.0160	114.0000	238.0000
968.0250	120.0000	247.0000
967.0340	140.0000	294.0000
966.0430	133.0000	262.0000
965.0520	127.0000	267.0000
964.0610	142.0000	277.0000
963.0700	140.0000	306.0000
962.0790	140.0000	279.0000
961.0880	141.0000	260.0000
960.0970	144.0000	272.0000
959.1060	141.0000	288.0000
958.1150	131.0000	271.0000
957.1240	167.0000	312.0000
956.1330	206.0000	401.0000
955.1420	307.0000	634.0000
954.1510	219.0000	457.0000
953.1600	234.0000	472.0000
952.1690	228.0000	452.0000
951.1780	180.0000	370.0000
950.1870	160.0000	297.0000
949.1960	140.0000	302.0000
948.2050	153.0000	296.0000
947.2140	156.0000	329.0000
946.2230	172.0000	348.0000
945.2320	195.0000	368.0000
944.2410	179.0000	373.0000
943.2500	173.0000	347.0000
942.2590	205.0000	380.0000
941.2680	183.0000	403.0000
940.2770	200.0000	406.0000
939.2860	203.0000	410.0000
938.2950	208.0000	446.0000
937.3040	221.0000	442.0000
936.3130	237.0000	465.0000
935.3220	207.0000	428.0000
934.3310	232.0000	441.0000
933.3400	207.0000	452.0000
932.3490	212.0000	418.0000
931.3580	190.0000	426.0000
930.3670	213.0000	414.0000
929.3760	223.0000	454.0000
928.3850	202.0000	426.0000
927.3940	223.0000	449.0000
926.4030	256.0000	457.0000
925.4120	241.0000	490.0000
924.4210	219.0000	438.0000
923.4300	250.0000	468.0000
922.4390	214.0000	455.0000
921.4480	243.0000	492.0000
920.4570	227.0000	465.0000
919.4660	225.0000	468.0000
918.4750	202.0000	443.0000
917.4840	226.0000	468.0000
916.4930	224.0000	449.0000
915.5020	212.0000	444.0000
914.5110	231.0000	441.0000
913.5200	188.0000	432.0000
912.5290	208.0000	431.0000
911.5380	213.0000	467.0000
910.5470	212.0000	463.0000
909.5560	212.0000	462.0000
908.5650	225.0000	452.0000
907.5740	227.0000	481.0000
906.5830	214.0000	426.0000
905.5920	195.0000	432.0000
904.6010	208.0000	435.0000
903.6100	201.0000	432.0000
902.6190	219.0000	436.0000
901.6280	203.0000	429.0000
900.6370	229.0000	488.0000
899.6460	227.0000	423.0000
898.6550	240.0000	468.0000
897.6640	195.0000	450.0000
896.6730	244.0000	475.0000
895.6820	210.0000	456.0000
894.6910	198.0000	428.0000
893.7000	203.0000	410.0000
892.7090	234.0000	464.0000
891.7180	221.0000	446.0000
890.7270	190.0000	423.0000
889.7360	236.0000	482.0000
888.7450	212.0000	445.0000
887.7540	216.0000	441.0000
886.7630	185.0000	428.0000
885.7720	219.0000	461.0000
884.7810	228.0000	445.0000
883.7900	209.0000	450.0000
882.7990	226.0000	454.0000
881.8080	217.0000	426.0000
880.8170	213.0000	467.0000
879.8260	218.0000	428.0000
878.8350	235.0000	465.0000
877.8440	195.0000	426.0000
876.8530	198.0000	434.0000
875.8620	218.0000	456.0000
874.8710	221.0000	447.0000
873.8800	237.0000	459.0000
872.8890	213.0000	440.0000
871.8980	209.0000	439.0000
870.9070	221.0000	441.0000
869.9160	220.0000	451.0000
868.9250	209.0000	459.0000
867.9340	213.0000	435.0000
866.9430	222.0000	469.0000
865.9520	199.0000	441.0000
864.9610	212.0000	461.0000
863.9700	218.0000	433.0000
862.9790	203.0000	428.0000
861.9880	202.0000	449.0000
860.9970	209.0000	424.0000
860.0060	197.0000	404.0000
859.0150	222.0000	440.0000
858.0240	218.0000	455.0000
857.0330	204.0000	430.0000
856.0420	204.0000	430.0000
855.0510	207.0000	419.0000
854.0600	213.0000	456.0000
853.0690	218.0000	446.0000
852.0780	223.0000	471.0000
851.0870	229.0000	438.0000
850.0960	217.0000	480.0000
849.1050	192.0000	424.0000
848.1140	232.0000	457.0000
847.1230	242.0000	482.0000
846.1320	212.0000	452.0000
845.1410	235.0000	488.0000
844.1500	205.0000	421.0000
843.1590	242.0000	481.0000
842.1680	212.0000	472.0000
841.1770	212.0000	467.0000
840.1860	222.0000	470.0000
839.1950	232.0000	473.0000
838.2040	230.0000	477.0000
837.2130	239.0000	494.0000
836.2220	229.0000	494.0000
835.2310	209.0000	456.0000
834.2400	232.0000	498.0000
833.2490	262.0000	554.0000
832.2580	280.0000	583.0000
831.2670	284.0000	578.0000
830.2760	269.0000	556.0000
829.2850	258.0000	519.0000
828.2940	267.0000	535.0000
827.3030	265.0000	559.0000
826.3120	254.0000	538.0000
825.3210	280.0000	572.0000
824.3300	270.0000	588.0000
823.3390	240.0000	537.0000
822.3480	281.0000	573.0000
821.3570	280.0000	584.0000
820.3660	322.0000	670.0000
819.3750	318.0000	637.0000
818.3840	315.0000	689.0000
817.3930	353.0000	697.0000
816.4020	323.0000	686.0000
815.4110	341.0000	742.0000
814.4200	343.0000	714.0000
813.4290	378.0000	773.0000
812.4380	374.0000	774.0000
811.4470	380.0000	760.0000
810.4560	382.0000	781.0000
809.4650	393.0000	826.0000
808.4740	360.0000	769.0000
807.4830	407.0000	832.0000
806.4920	428.0000	869.0000
805.5010	416.0000	832.0000
804.5100	364.0000	782.0000
803.5190	382.0000	800.0000
802.5280	394.0000	830.0000
801.5370	383.0000	830.0000
800.5460	395.0000	826.0000
799.5550	413.0000	853.0000
798.5640	416.0000	839.0000
797.5730	385.0000	821.0000
796.5820	365.0000	796.0000
795.5910	431.0000	859.0000
794.6000	367.0000	794.0000
793.6090	415.0000	864.0000
792.6180	390.0000	826.0000
791.6270	418.0000	890.0000
790.6360	418.0000	837.0000
789.6450	409.0000	856.0000
788.6540	430.0000	837.0000
787.6630	374.0000	755.0000
786.6720	421.0000	871.0000
785.6810	396.0000	840.0000
784.6900	396.0000	813.0000
783.6990	418.0000	872.0000
782.7080	403.0000	843.0000
781.7170	382.0000	781.0000
780.7260	406.0000	826.0000
779.7350	430.0000	902.0000
778.7440	390.0000	825.0000
777.7530	398.0000	862.0000
776.7620	409.0000	826.0000
775.7710	375.0000	777.0000
774.7800	400.0000	838.0000
773.7890	429.0000	827.0000
772.7980	385.0000	814.0000
771.8070	409.0000	825.0000
770.8160	414.0000	852.0000
769.8250	387.0000	793.0000
768.8340	413.0000	846.0000
767.8430	414.0000	805.0000
766.8520	424.0000	852.0000
765.8610	428.0000	834.0000
764.8700	424.0000	826.0000
763.8790	397.0000	788.0000
762.8880	369.0000	822.0000
761.8970	407.0000	861.0000
760.9060	386.0000	795.0000
759.9150	423.0000	880.0000
758.9240	408.0000	846.0000
757.9330	409.0000	828.0000
756.9420	416.0000	837.0000
755.9510	413.0000	822.0000
754.9600	387.0000	833.0000
753.9690	403.0000	836.0000
752.9780	383.0000	811.0000
751.9870	387.0000	825.0000
750.9960	379.0000	793.0000
750.0050	392.0000	814.0000
749.0140	419.0000	843.0000
748.0230	403.0000	833.0000
747.0320	406.0000	870.0000
746.0410	356.0000	795.0000
745.0500	366.0000	804.0000
744.0590	386.0000	783.0000
743.0680	415.0000	826.0000
742.0770	392.0000	812.0000
741.0860	390.0000	816.0000
740.0950	409.0000	866.0000
739.1040	390.0000	803.0000
738.1130	376.0000	809.0000
737.1220	378.0000	829.0000
736.1310	389.0000	849.0000
735.1400	392.0000	850.0000
734.1490	395.0000	862.0000
733.1580	402.0000	828.0000
732.1670	407.0000	850.0000
731.1760	389.0000	831.0000
730.1850	438.0000	865.0000
729.1940	397.0000	810.0000
728.2030	384.0000	799.0000
727.2120	359.0000	841.0000
726.2210	414.0000	831.0000
725.2300	376.0000	825.0000
724.2390	392.0000	842.0000
723.2480	392.0000	820.0000
722.2570	429.0000	838.0000
721.2660	430.0000	888.0000
720.2750	395.0000	802.0000
719.2840	404.0000	837.0000
718.2930	413.0000	817.0000
717.3020	382.0000	816.0000
716.3110	418.0000	894.0000
715.3200	430.0000	836.0000
714.3290	417.0000	843.0000
713.3380	385.0000	836.0000
712.3470	439.0000	935.0000
711.3560	404.0000	842.0000
710.3650	428.0000	866.0000
709.3740	415.0000	858.0000
708.3830	459.0000	892.0000
707.3920	457.0000	941.0000
706.4010	429.0000	895.0000
705.4100	426.0000	881.0000
704.4190	440.0000	902.0000
703.4280	454.0000	893.0000
702.4370	383.0000	833.0000
701.4460	413.0000	854.0000
700.4550	481.0000	950.0000
699.4640	429.0000	884.0000
698.4730	432.0000	905.0000
697.4820	449.0000	941.0000
696.4910	450.0000	904.0000
695.5000	454.0000	899.0000
694.5090	428.0000	895.0000
693.5180	422.0000	907.0000
692.5270	415.0000	921.0000
691.5360	448.0000	928.0000
690.5450	462.0000	946.0000
689.5540	481.0000	968.0000
688.5630	488.0000	1007.0000
687.5720	503.0000	971.0000
686.5810	448.0000	939.0000
685.5900	467.0000	978.0000
684.5990	485.0000	939.0000
683.6080	488.0000	989.0000
682.6170	397.0000	851.0000
681.6260	460.0000	953.0000
680.6350	476.0000	1011.0000
679.6440	462.0000	939.0000
678.6530	472.0000	932.0000
677.6620	514.0000	1010.0000
676.6710	482.0000	946.0000
675.6800	502.0000	990.0000
674.6890	463.0000	933.0000
673.6980	463.0000	968.0000
672.7070	444.0000	961.0000
671.7160	447.0000	938.0000
670.7250	518.0000	1018.0000
669.7340	433.0000	942.0000
668.7430	465.0000	982.0000
667.7520	442.0000	957.0000
666.7610	456.0000	932.0000
665.7700	491.0000	999.0000
664.7790	502.0000	994.0000
663.7880	461.0000	988.0000
662.7970	483.0000	1014.0000
661.8060	478.0000	976.0000
660.8150	504.0000	1052.0000
659.8240	464.0000	963.0000
658.8330	466.0000	972.0000
657.8420	489.0000	1052.0000
656.8510	506.0000	1059.0000
655.8600	518.0000	1031.0000
654.8690	499.0000	988.0000
653.8780	496.0000	1006.0000
652.8870	512.0000	1044.0000
651.8960	487.0000	1013.0000
650.9050	488.0000	1006.0000
649.9140	480.0000	1009.0000
648.9230	499.0000	1012.0000
647.9320	459.0000	956.0000
646.9410	488.0000	984.0000
645.9500	518.0000	1067.0000
644.9590	509.0000	1012.0000
643.9680	486.0000	1002.0000
642.9770	525.0000	1016.0000
641.9860	492.0000	1026.0000
640.9950	503.0000	1014.0000
640.0040	493.0000	1007.0000
639.0130	485.0000	1038.0000
638.0220	508.0000	1017.0000
637.0310	528.0000	1089.0000
636.0400	503.0000	990.0000
635.0490	492.0000	1035.0000
634.0580	528.0000	1064.0000
633.0670	501.0000	1022.0000
632.0760	537.0000	1046.0000
631.0850	517.0000	1065.0000
630.0940	529.0000	1031.0000
629.1030	499.0000	1043.0000
628.1120	503.0000	1030.0000
627.1210	515.0000	1052.0000
626.1300	496.0000	1008.0000
625.1390	491.0000	1037.0000
624.1480	515.0000	1044.0000
623.1570	479.0000	992.0000
622.1660	513.0000	1014.0000
621.1750	501.0000	1031.0000
620.1840	482.0000	1040.0000
619.1930	508.0000	1061.0000
618.2020	537.0000	1044.0000
617.2110	506.0000	1028.0000
616.2200	547.0000	1074.0000
615.2290	541.0000	1068.0000
614.2380	546.0000	1073.0000
613.2470	518.0000	1110.0000
612.2560	571.0000	1134.0000
611.2650	521.0000	1042.0000
610.2740	527.0000	1076.0000
609.2830	517.0000	1042.0000
608.2920	553.0000	1101.0000
607.3010	534.0000	1100.0000
606.3100	542.0000	1136.0000
605.3190	549.0000	1072.0000
604.3280	498.0000	1101.0000
603.3370	538.0000	1075.0000
602.3460	489.0000	1036.0000
601.3550	556.0000	1142.0000
600.3640	487.0000	1031.0000
599.3730	535.0000	1091.0000
598.3820	569.0000	1107.0000
597.3910	533.0000	1078.0000
596.4000	539.0000	1100.0000
595.4090	526.0000	1043.0000
594.4180	519.0000	1082.0000
593.4270	541.0000	1110.0000
592.4360	525.0000	1064.0000
591.4450	533.0000	1092.0000
590.4540	564.0000	1126.0000
589.4630	527.0000	1099.0000
588.4720	520.0000	1066.0000
587.4810	525.0000	1038.0000
586.4900	536.0000	1069.0000
585.4990	565.0000	1105.0000
584.5080	535.0000	1071.0000
583.5170	540.0000	1131.0000
582.5260	502.0000	1089.0000
581.5350	521.0000	1079.0000
580.5440	539.0000	1143.0000
579.5530	564.0000	1098.0000
578.5620	541.0000	1076.0000
577.5710	570.0000	1124.0000
576.5800	559.0000	1110.0000
575.5890	544.0000	1139.0000
574.5980	528.0000	1131.0000
573.6070	534.0000	1107.0000
572.6160	522.0000	1120.0000
571.6250	550.0000	1175.0000
570.6340	545.0000	1127.0000
569.6430	569.0000	1170.0000
568.6520	557.0000	1152.0000
567.6610	566.0000	1209.0000
566.6700	524.0000	1148.0000
565.6790	548.0000	1155.0000
564.6880	515.0000	1062.0000
563.6970	536.0000	1065.0000
562.7060	533.0000	1071.0000
561.7150	521.0000	1159.0000
560.7240	531.0000	1085.0000
559.7330	547.0000	1147.0000
558.7420	522.0000	1078.0000
557.7510	532.0000	1092.0000
556.7600	560.0000	1123.0000
555.7690	548.0000	1089.0000
554.7780	568.0000	1164.0000
553.7870	582.0000	1157.0000
552.7960	542.0000	1134.0000
551.8050	537.0000	1117.0000
550.8140	542.0000	1097.0000
549.8230	609.0000	1197.0000
548.8320	578.0000	1165.0000
547.8410	576.0000	1179.0000
546.8500	579.0000	1165.0000
545.8590	570.0000	1151.0000
544.8680	574.0000	1187.0000
543.8770	594.0000	1228.0000
542.8860	577.0000	1161.0000
541.8950	555.0000	1102.0000
540.9040	557.0000	1154.0000
539.9130	603.0000	1203.0000
538.9220	593.0000	1094.0000
537.9310	558.0000	1188.0000
536.9400	597.0000	1214.0000
535.9490	533.0000	1158.0000
534.9580	615.0000	1242.0000
533.9670	594.0000	1205.0000
532.9760	593.0000	1232.0000
531.9850	580.0000	1173.0000
530.9940	581.0000	1222.0000
530.0030	600.0000	1173.0000
529.0120	537.0000	1135.0000
528.0210	538.0000	1104.0000
527.0300	593.0000	1218.0000
526.0390	552.0000	1106.0000
525.0480	587.0000	1196.0000
524.0570	565.0000	1184.0000
523.0660	587.0000	1215.0000
522.0750	608.0000	1230.0000
521.0840	587.0000	1197.0000
520.0930	644.0000	1294.0000
519.1020	613.0000	1239.0000
518.1110	599.0000	1221.0000
517.1200	621.0000	1326.0000
516.1290	649.0000	1352.0000
515.1380	653.0000	1353.0000
514.1470	698.0000	1382.0000
513.1560	618.0000	1320.0000
512.1650	650.0000	1342.0000
511.1740	637.0000	1347.0000
510.1830	596.0000	1231.0000
509.1920	618.0000	1256.0000
508.2010	638.0000	1323.0000
507.2100	590.0000	1269.0000
506.2190	585.0000	1260.0000
505.2280	633.0000	1245.0000
504.2370	628.0000	1306.0000
503.2460	646.0000	1313.0000
502.2550	594.0000	1242.0000
501.2640	629.0000	1303.0000
500.2730	649.0000	1309.0000
499.2820	640.0000	1342.0000
498.2910	619.0000	1290.0000
497.3000	636.0000	1289.0000
496.3090	660.0000	1323.0000
495.3180	661.0000	1360.0000
494.3270	634.0000	1321.0000
493.3360	628.0000	1282.0000
492.3450	664.0000	1322.0000
491.3540	641.0000	1329.0000
490.3630	643.0000	1334.0000
489.3720	633.0000	1331.0000
488.3810	657.0000	1313.0000
487.3900	668.0000	1373.0000
486.3990	605.0000	1308.0000
485.4080	651.0000	1332.0000
484.4170	655.0000	1318.0000
483.4260	688.0000	1362.0000
482.4350	669.0000	1358.0000
481.4440	661.0000	1332.0000
480.4530	716.0000	1399.0000
479.4620	626.0000	1336.0000
478.4710	623.0000	1341.0000
477.4800	690.0000	1426.0000
476.4890	649.0000	1339.0000
475.4980	656.0000	1306.0000
474.5070	671.0000	1375.0000
473.5160	661.0000	1355.0000
472.5250	700.0000	1411.0000
471.5340	624.0000	1347.0000
470.5430	682.0000	1396.0000
469.5520	651.0000	1337.0000
468.5610	626.0000	1324.0000
467.5700	639.0000	1352.0000
466.5790	669.0000	1389.0000
465.5880	667.0000	1377.0000
464.5970	621.0000	1353.0000
463.6060	651.0000	1368.0000
462.6150	664.0000	1350.0000
461.6240	683.0000	1370.0000
460.6330	662.0000	1341.0000
459.6420	653.0000	1405.0000
458.6510	639.0000	1321.0000
457.6600	628.0000	1287.0000
456.6690	685.0000	1397.0000
455.6780	715.0000	1435.0000
454.6870	663.0000	1419.0000
453.6960	672.0000	1369.0000
452.7050	695.0000	1446.0000
451.7140	706.0000	1427.0000
450.7230	699.0000	1411.0000
449.7320	651.0000	1356.0000
448.7410	672.0000	1466.0000
447.7500	713.0000	1427.0000
446.7590	734.0000	1431.0000
445.7680	682.0000	1475.0000
444.7770	734.0000	1452.0000
443.7860	659.0000	1390.0000
442.7950	711.0000	1418.0000
441.8040	654.0000	1386.0000
440.8130	689.0000	1379.0000
439.8220	702.0000	1408.0000
438.8310	737.0000	1431.0000
437.8400	704.0000	1442.0000
436.8490	700.0000	1411.0000
435.8580	720.0000	1462.0000
434.8670	662.0000	1385.0000
433.8760	706.0000	1416.0000
432.8850	743.0000	1490.0000
431.8940	695.0000	1503.0000
430.9030	687.0000	1441.0000
429.9120	654.0000	1416.0000
428.9210	688.0000	1427.0000
427.9300	718.0000	1472.0000
426.9390	747.0000	1464.0000
425.9480	731.0000	1530.0000
424.9570	761.0000	1511.0000
423.9660	730.0000	1480.0000
422.9750	756.0000	1487.0000
421.9840	730.0000	1467.0000
420.9930	717.0000	1493.0000
420.0020	751.0000	1566.0000
419.0110	793.0000	1664.0000
418.0200	779.0000	1674.0000
417.0290	809.0000	1680.0000
416.0380	826.0000	1652.0000
415.0470	872.0000	1740.0000
414.0560	782.0000	1711.0000
413.0650	854.0000	1752.0000
412.0740	912.0000	1905.0000
411.0830	1059.0000	2130.0000
410.0920	1013.0000	2103.0000
409.1010	1089.0000	2278.0000
408.1100	1287.0000	2690.0000
407.1190	1508.0000	3097.0000
406.1280	1428.0000	2878.0000
405.1370	1419.0000	2872.0000
404.1460	1254.0000	2628.0000
403.1550	1034.0000	2145.0000
402.1640	912.0000	1898.0000
401.1730	976.0000	1932.0000
400.1820	987.0000	1945.0000
399.1910	1003.0000	2046.0000
398.2000	1020.0000	1974.0000
397.2090	1005.0000	1984.0000
396.2180	977.0000	1990.0000
395.2270	992.0000	2046.0000
394.2360	1051.0000	2137.0000
393.2450	1012.0000	2089.0000
392.2540	1030.0000	2165.0000
391.2630	1066.0000	2170.0000
390.2720	1123.0000	2177.0000
389.2810	1033.0000	2138.0000
388.2900	1046.0000	2169.0000
387.2990	1053.0000	2239.0000
386.3080	1080.0000	2284.0000
385.3170	1184.0000	2347.0000
384.3260	1150.0000	2406.0000
383.3350	1185.0000	2445.0000
382.3440	1235.0000	2529.0000
381.3530	1437.0000	2768.0000
380.3620	1463.0000	2957.0000
379.3710	1459.0000	2975.0000
378.3800	1358.0000	2752.0000
377.3890	1370.0000	2800.0000
376.3980	1281.0000	2688.0000
375.4070	1278.0000	2614.0000
374.4160	1231.0000	2465.0000
373.4250	1166.0000	2452.0000
372.4340	1178.0000	2442.0000
371.4430	1218.0000	2498.0000
370.4520	1287.0000	2579.0000
369.4610	1207.0000	2423.0000
368.4700	1326.0000	2631.0000
367.4790	1231.0000	2567.0000
366.4880	1203.0000	2498.0000
365.4970	1201.0000	2566.0000
364.5060	1203.0000	2487.0000
363.5150	1270.0000	2545.0000
362.5240	1236.0000	2542.0000
361.5330	1269.0000	2499.0000
360.5420	1253.0000	2525.0000
359.5510	1221.0000	2532.0000
358.5600	1220.0000	2570.0000
357.5690	1238.0000	2500.0000
356.5780	1215.0000	2533.0000
355.5870	1293.0000	2662.0000
354.5960	1278.0000	2586.0000
353.6050	1314.0000	2643.0000
352.6140	1261.0000	2548.0000
351.6230	1286.0000	2592.0000
350.6320	1249.0000	2581.0000
349.6410	1224.0000	2569.0000
348.6500	1320.0000	2623.0000
347.6590	1273.0000	2569.0000
346.6680	1285.0000	2639.0000
345.6770	1311.0000	2598.0000
344.6860	1293.0000	2686.0000
343.6950	1363.0000	2618.0000
342.7040	1327.0000	2656.0000
341.7130	1302.0000	2624.0000
340.7220	1306.0000	2612.0000
339.7310	1312.0000	2665.0000
338.7400	1305.0000	2654.0000
337.7490	1298.0000	2650.0000
336.7580	1307.0000	2673.0000
335.7670	1306.0000	2586.0000
334.7760	1278.0000	2678.0000
333.7850	1257.0000	2601.0000
332.7940	1363.0000	2771.0000
331.8030	1248.0000	2586.0000
330.8120	1273.0000	2691.0000
329.8210	1395.0000	2725.0000
328.8300	1355.0000	2806.0000
327.8390	1326.0000	2727.0000
326.8480	1329.0000	2723.0000
325.8570	1286.0000	2660.0000
324.8660	1309.0000	2743.0000
323.8750	1283.0000	2751.0000
322.8840	1335.0000	2671.0000
321.8930	1365.0000	2795.0000
320.9020	1348.0000	2778.0000
319.9110	1319.0000	2730.0000
318.9200	1345.0000	2767.0000
317.9290	1295.0000	2677.0000
316.9380	1321.0000	2738.0000
315.9470	1323.0000	2696.0000
314.9560	1392.0000	2763.0000
313.9650	1408.0000	2826.0000
312.9740	1361.0000	2726.0000
311.9830	1393.0000	2844.0000
310.9920	1277.0000	2671.0000
310.0010	1320.0000	2749.0000
309.0100	1394.0000	2788.0000
308.0190	1288.0000	2694.0000
307.0280	1332.0000	2747.0000
306.0370	1400.0000	2823.0000
305.0460	1369.0000	2821.0000
304.0550	1367.0000	2801.0000
303.0640	1379.0000	2785.0000
302.0730	1408.0000	2786.0000
301.0820	1336.0000	2826.0000
300.0910	1416.0000	2835.0000
299.1000	1420.0000	2853.0000
298.1090	1383.0000	2782.0000
297.1180	1394.0000	2785.0000
296.1270	1408.0000	2893.0000
295.1360	1455.0000	2899.0000
294.1450	1434.0000	2867.0000
293.1540	1422.0000	2875.0000
292.1630	1375.0000	2821.0000
291.1720	1333.0000	2746.0000
290.1810	1427.0000	2963.0000
289.1900	1352.0000	2758.0000
288.1990	1352.0000	2815.0000
287.2080	1384.0000	2829.0000
286.2170	1373.0000	2876.0000
285.2260	1338.0000	2799.0000
284.2350	1431.0000	2882.0000
283.2440	1452.0000	2920.0000
282.2530	1417.0000	2902.0000
281.2620	1425.0000	2828.0000
280.2710	1461.0000	2923.0000
279.2800	1433.0000	2935.0000
278.2890	1414.0000	2903.0000
277.2980	1449.0000	2954.0000
276.3070	1489.0000	2944.0000
275.3160	1458.0000	3029.0000
274.3250	1554.0000	3058.0000
273.3340	1450.0000	3038.0000
272.3430	1462.0000	3003.0000
271.3520	1408.0000	2946.0000
270.3610	1516.0000	3104.0000
269.3700	1488.0000	3060.0000
268.3790	1507.0000	3072.0000
267.3880	1466.0000	3048.0000
266.3970	1523.0000	3200.0000
265.4060	1551.0000	3167.0000
264.4150	1578.0000	3280.0000
263.4240	1568.0000	3190.0000
262.4330	1586.0000	3205.0000
261.4420	1501.0000	3060.0000
260.4510	1580.0000	3233.0000
259.4600	1574.0000	3207.0000
258.4690	1497.0000	3128.0000
257.4780	1552.0000	3175.0000
256.4870	1550.0000	3141.0000
255.4960	1584.0000	3214.0000
254.5050	1538.0000	3090.0000
253.5140	1553.0000	3141.0000
252.5230	1541.0000	3204.0000
251.5320	1548.0000	3223.0000
250.5410	1589.0000	3237.0000
249.5500	1607.0000	3238.0000
248.5590	1614.0000	3315.0000
247.5680	1547.0000	3185.0000
246.5770	1570.0000	3168.0000
245.5860	1594.0000	3181.0000
244.5950	1637.0000	3342.0000
243.6040	1662.0000	3322.0000
242.6130	1572.0000	3239.0000
241.6220	1587.0000	3229.0000
240.6310	1656.0000	3382.0000
239.6400	1655.0000	3362.0000
238.6490	1618.0000	3248.0000
237.6580	1616.0000	3251.0000
236.6670	1545.0000	3236.0000
235.6760	1585.0000	3311.0000
234.6850	1623.0000	3251.0000
233.6940	1594.0000	3241.0000
232.7030	1605.0000	3291.0000
231.7120	1659.0000	3276.0000
230.7210	1577.0000	3331.0000
229.7300	1587.0000	3369.0000
228.7390	1591.0000	3306.0000
227.7480	1624.0000	3355.0000
226.7570	1652.0000	3385.0000
225.7660	1692.0000	3425.0000
224.7750	1709.0000	3443.0000
223.7840	1670.0000	3407.0000
222.7930	1660.0000	3405.0000
221.8020	1694.0000	3463.0000
220.8110	1685.0000	3460.0000
219.8200	1745.0000	3575.0000
218.8290	1688.0000	3573.0000
217.8380	1703.0000	3481.0000
216.8470	1687.0000	3438.0000
215.8560	1717.0000	3527.0000
214.8650	1659.0000	3416.0000
213.8740	1731.0000	3599.0000
212.8830	1708.0000	3469.0000
211.8920	1700.0000	3553.0000
210.9010	1686.0000	3498.0000
209.9100	1689.0000	3530.0000
208.9190	1733.0000	3613.0000
207.9280	1803.0000	3589.0000
206.9370	1756.0000	3565.0000
205.9460	1708.0000	3560.0000
204.9550	1762.0000	3666.0000
203.9640	1785.0000	3651.0000
202.9730	1754.0000	3624.0000
201.9820	1750.0000	3607.0000
200.9910	1809.0000	3746.0000
