1488.3300	5.0000	5.0000
1487.3390	3.0000	3.0000
1486.3479	0.0000	0.0000
1485.3569	2.0000	2.0000
1484.3660	2.0000	2.0000
1483.3749	2.0000	2.0000
1482.3839	3.0000	3.0000
1481.3928	2.0000	2.0000
1480.4019	1.0000	1.0000
1479.4108	3.0000	3.0000
1478.4198	4.0000	4.0000
1477.4287	5.0000	5.0000
1476.4377	5.0000	5.0000
1475.4467	7.0000	7.0000
1474.4557	3.0000	3.0000
1473.4646	12.0000	12.0000
1472.4736	9.0000	9.0000
1471.4827	1.0000	1.0000
1470.4916	6.0000	6.0000
1469.5006	5.0000	5.0000
1468.5095	5.0000	5.0000
1467.5186	1.0000	1.0000
1466.5275	5.0000	5.0000
1465.5365	6.0000	6.0000
1464.5454	3.0000	3.0000
1463.5544	5.0000	5.0000
1462.5634	8.0000	8.0000
1461.5724	7.0000	7.0000
1460.5813	8.0000	8.0000
1459.5903	6.0000	6.0000
1458.5994	9.0000	9.0000
1457.6083	6.0000	6.0000
1456.6173	9.0000	9.0000
1455.6262	5.0000	5.0000
1454.6353	4.0000	4.0000
1453.6442	7.0000	7.0000
1452.6532	4.0000	4.0000
1451.6621	3.0000	3.0000
1450.6711	4.0000	4.0000
1449.6801	5.0000	5.0000
1448.6891	3.0000	3.0000
1447.6980	8.0000	8.0000
1446.7070	7.0000	7.0000
1445.7161	4.0000	4.0000
1444.7250	6.0000	6.0000
1443.7340	5.0000	5.0000
1442.7429	7.0000	7.0000
1441.7520	5.0000	5.0000
1440.7609	8.0000	8.0000
1439.7699	4.0000	4.0000
1438.7788	3.0000	3.0000
1437.7878	12.0000	12.0000
1436.7968	12.0000	12.0000
1435.8058	6.0000	6.0000
1434.8147	3.0000	3.0000
1433.8237	4.0000	4.0000
1432.8328	5.0000	5.0000
1431.8417	7.0000	7.0000
1430.8507	4.0000	4.0000
1429.8596	5.0000	5.0000
1428.8687	12.0000	12.0000
1427.8776	5.0000	5.0000
1426.8866	4.0000	4.0000
1425.8955	5.0000	5.0000
1424.9045	2.0000	2.0000
1423.9135	7.0000	7.0000
1422.9225	9.0000	9.0000
1421.9314	7.0000	7.0000
1420.9404	3.0000	3.0000
1419.9495	3.0000	3.0000
1418.9584	10.0000	10.0000
1417.9674	7.0000	7.0000
1416.9763	2.0000	2.0000
1415.9854	7.0000	7.0000
1414.9943	10.0000	10.0000
1414.0033	9.0000	9.0000
1413.0122	6.0000	6.0000
1412.0212	7.0000	7.0000
1411.0302	7.0000	7.0000
1410.0392	8.0000	8.0000
1409.0481	5.0000	5.0000
1408.0571	8.0000	8.0000
1407.0662	9.0000	9.0000
1406.0751	10.0000	10.0000
1405.0841	5.0000	5.0000
1404.0930	6.0000	6.0000
1403.1021	4.0000	4.0000
1402.1110	5.0000	5.0000
1401.1200	9.0000	9.0000
1400.1289	2.0000	2.0000
1399.1379	7.0000	7.0000
1398.1469	8.0000	8.0000
1397.1559	5.0000	5.0000
1396.1648	6.0000	6.0000
1395.1738	7.0000	7.0000
1394.1829	10.0000	10.0000
1393.1918	3.0000	3.0000
1392.2008	5.0000	5.0000
1391.2097	6.0000	6.0000
1390.2187	2.0000	2.0000
1389.2277	4.0000	4.0000
1388.2367	6.0000	6.0000
1387.2456	14.0000	14.0000
1386.2546	13.0000	13.0000
1385.2635	8.0000	8.0000
1384.2726	6.0000	6.0000
1383.2815	9.0000	9.0000
1382.2905	7.0000	7.0000
1381.2996	4.0000	4.0000
1380.3085	12.0000	12.0000
1379.3175	6.0000	6.0000
1378.3264	6.0000	6.0000
1377.3354	10.0000	10.0000
1376.3444	7.0000	7.0000
1375.3534	2.0000	2.0000
1374.3623	6.0000	6.0000
1373.3713	6.0000	6.0000
1372.3802	6.0000	6.0000
1371.3893	11.0000	11.0000
1370.3982	2.0000	2.0000
1369.4072	9.0000	9.0000
1368.4163	11.0000	11.0000
1367.4252	7.0000	7.0000
1366.4342	9.0000	9.0000
1365.4431	11.0000	11.0000
1364.4521	6.0000	6.0000
1363.4611	12.0000	12.0000
1362.4701	9.0000	9.0000
1361.4790	7.0000	7.0000
1360.4880	13.0000	13.0000
1359.4969	7.0000	7.0000
1358.5060	10.0000	10.0000
1357.5150	5.0000	5.0000
1356.5239	14.0000	14.0000
1355.5330	23.0000	23.0000
1354.5419	30.0000	30.0000
1353.5509	29.0000	29.0000
1352.5598	30.0000	30.0000
1351.5688	49.0000	49.0000
1350.5778	47.0000	47.0000
1349.5868	54.0000	54.0000
1348.5957	48.0000	48.0000
1347.6047	50.0000	50.0000
1346.6136	44.0000	44.0000
1345.6227	35.0000	35.0000
1344.6317	42.0000	42.0000
1343.6406	21.0000	21.0000
1342.6497	30.0000	30.0000
1341.6586	26.0000	26.0000
1340.6676	31.0000	31.0000
1339.6765	15.0000	15.0000
1338.6855	25.0000	25.0000
1337.6945	34.0000	34.0000
1336.7035	29.0000	29.0000
1335.7124	29.0000	29.0000
1334.7214	27.0000	27.0000
1333.7303	38.0000	38.0000
1332.7394	33.0000	33.0000
1331.7484	33.0000	33.0000
1330.7573	28.0000	28.0000
1329.7664	30.0000	30.0000
1328.7753	39.0000	39.0000
1327.7843	34.0000	34.0000
1326.7932	36.0000	36.0000
1325.8022	23.0000	23.0000
1324.8112	40.0000	40.0000
1323.8202	45.0000	45.0000
1322.8291	41.0000	41.0000
1321.8381	33.0000	33.0000
1320.8470	44.0000	44.0000
1319.8561	50.0000	50.0000
1318.8651	39.0000	39.0000
1317.8740	33.0000	33.0000
1316.8831	39.0000	39.0000
1315.8920	48.0000	48.0000
1314.9010	44.0000	44.0000
1313.9099	37.0000	37.0000
1312.9189	42.0000	42.0000
1311.9279	43.0000	43.0000
1310.9369	48.0000	48.0000
1309.9458	47.0000	47.0000
1308.9548	55.0000	55.0000
1307.9637	61.0000	61.0000
1306.9728	57.0000	57.0000
1305.9818	47.0000	47.0000
1304.9907	58.0000	58.0000
1303.9998	62.0000	62.0000
1303.0087	54.0000	54.0000
1302.0177	69.0000	69.0000
1301.0266	50.0000	50.0000
1300.0356	70.0000	70.0000
1299.0446	45.0000	45.0000
1298.0536	67.0000	67.0000
1297.0625	76.0000	76.0000
1296.0715	64.0000	64.0000
1295.0804	62.0000	62.0000
1294.0895	64.0000	64.0000
1293.0985	64.0000	64.0000
1292.1074	64.0000	64.0000
1291.1165	65.0000	65.0000
1290.1254	61.0000	61.0000
1289.1344	60.0000	60.0000
1288.1433	55.0000	55.0000
1287.1523	79.0000	79.0000
1286.1613	73.0000	73.0000
1285.1703	75.0000	75.0000
1284.1792	77.0000	77.0000
1283.1882	87.0000	87.0000
1282.1971	74.0000	74.0000
1281.2062	87.0000	87.0000
1280.2152	133.0000	133.0000
1279.2241	77.0000	77.0000
1278.2332	83.0000	83.0000
1277.2421	91.0000	91.0000
1276.2511	88.0000	88.0000
1275.2600	117.0000	117.0000
1274.2690	84.0000	84.0000
1273.2780	119.0000	119.0000
1272.2870	96.0000	96.0000
1271.2959	81.0000	81.0000
1270.3049	89.0000	89.0000
1269.3138	80.0000	80.0000
1268.3229	97.0000	97.0000
1267.3319	99.0000	99.0000
1266.3408	113.0000	113.0000
1265.3499	88.0000	88.0000
1264.3588	106.0000	106.0000
1263.3678	111.0000	111.0000
1262.3767	111.0000	111.0000
1261.3857	94.0000	94.0000
1260.3947	107.0000	107.0000
1259.4037	108.0000	108.0000
1258.4126	123.0000	123.0000
1257.4216	113.0000	113.0000
1256.4305	122.0000	122.0000
1255.4396	128.0000	128.0000
1254.4486	101.0000	101.0000
1253.4575	116.0000	116.0000
1252.4666	134.0000	134.0000
1251.4755	135.0000	135.0000
1250.4845	122.0000	122.0000
1249.4934	132.0000	132.0000
1248.5024	140.0000	140.0000
1247.5114	136.0000	136.0000
1246.5204	144.0000	144.0000
1245.5293	159.0000	159.0000
1244.5383	187.0000	187.0000
1243.5472	177.0000	177.0000
1242.5563	167.0000	167.0000
1241.5653	163.0000	163.0000
1240.5742	156.0000	156.0000
1239.5833	161.0000	161.0000
1238.5922	172.0000	172.0000
1237.6012	175.0000	175.0000
1236.6101	220.0000	220.0000
1235.6191	267.0000	267.0000
1234.6281	274.0000	274.0000
1233.6371	320.0000	320.0000
1232.6460	310.0000	310.0000
1231.6550	286.0000	286.0000
1230.6639	290.0000	290.0000
1229.6730	271.0000	271.0000
1228.6820	269.0000	269.0000
1227.6909	247.0000	247.0000
1226.7000	236.0000	236.0000
1225.7089	246.0000	246.0000
1224.7179	237.0000	237.0000
1223.7268	250.0000	250.0000
1222.7358	264.0000	264.0000
1221.7448	274.0000	274.0000
1220.7538	270.0000	270.0000
1219.7627	263.0000	263.0000
1218.7717	270.0000	270.0000
1217.7806	326.0000	326.0000
1216.7897	293.0000	293.0000
1215.7987	251.0000	251.0000
1214.8076	304.0000	304.0000
1213.8167	322.0000	322.0000
1212.8256	351.0000	351.0000
1211.8346	334.0000	334.0000
1210.8435	315.0000	315.0000
1209.8525	336.0000	336.0000
1208.8615	350.0000	350.0000
1207.8705	339.0000	339.0000
1206.8794	336.0000	336.0000
1205.8884	357.0000	357.0000
1204.8975	342.0000	342.0000
1203.9064	378.0000	378.0000
1202.9154	360.0000	360.0000
1201.9243	362.0000	362.0000
1200.9333	383.0000	383.0000
1199.9423	416.0000	416.0000
1198.9513	599.0000	599.0000
1197.9602	689.0000	689.0000
1196.9692	494.0000	494.0000
1195.9781	439.0000	439.0000
1194.9872	435.0000	435.0000
1193.9961	417.0000	417.0000
1193.0051	408.0000	408.0000
1192.0142	401.0000	401.0000
1191.0231	397.0000	397.0000
1190.0321	389.0000	389.0000
1189.0410	433.0000	433.0000
1188.0500	407.0000	407.0000
1187.0590	456.0000	456.0000
1186.0680	460.0000	460.0000
1185.0769	447.0000	447.0000
1184.0859	470.0000	470.0000
1183.0948	422.0000	422.0000
1182.1039	481.0000	481.0000
1181.1128	411.0000	411.0000
1180.1218	476.0000	476.0000
1179.1309	451.0000	451.0000
1178.1398	456.0000	456.0000
1177.1488	487.0000	487.0000
1176.1577	450.0000	450.0000
1175.1667	483.0000	483.0000
1174.1757	449.0000	449.0000
1173.1847	453.0000	453.0000
1172.1936	435.0000	435.0000
1171.2026	487.0000	487.0000
1170.2115	493.0000	493.0000
1169.2206	500.0000	500.0000
1168.2295	454.0000	454.0000
1167.2385	457.0000	457.0000
1166.2476	478.0000	478.0000
1165.2565	490.0000	490.0000
1164.2655	433.0000	433.0000
1163.2744	459.0000	459.0000
1162.2834	454.0000	454.0000
1161.2924	499.0000	499.0000
1160.3014	490.0000	490.0000
1159.3103	475.0000	475.0000
1158.3193	492.0000	492.0000
1157.3282	459.0000	459.0000
1156.3373	484.0000	484.0000
1155.3462	466.0000	466.0000
1154.3552	465.0000	465.0000
1153.3643	484.0000	484.0000
1152.3732	471.0000	471.0000
1151.3822	446.0000	446.0000
1150.3911	498.0000	498.0000
1149.4001	417.0000	417.0000
1148.4091	483.0000	483.0000
1147.4181	463.0000	463.0000
1146.4270	473.0000	473.0000
1145.4360	450.0000	450.0000
1144.4449	480.0000	480.0000
1143.4540	481.0000	481.0000
1142.4629	448.0000	448.0000
1141.4719	490.0000	490.0000
1140.4810	503.0000	503.0000
1139.4899	455.0000	455.0000
1138.4989	504.0000	504.0000
1137.5078	480.0000	480.0000
1136.5168	538.0000	538.0000
1135.5258	520.0000	520.0000
1134.5348	514.0000	514.0000
1133.5437	515.0000	515.0000
1132.5527	517.0000	517.0000
1131.5616	484.0000	484.0000
1130.5707	498.0000	498.0000
1129.5796	503.0000	503.0000
1128.5886	532.0000	532.0000
1127.5977	531.0000	531.0000
1126.6066	487.0000	487.0000
1125.6156	512.0000	512.0000
1124.6245	491.0000	491.0000
1123.6335	471.0000	471.0000
1122.6425	482.0000	482.0000
1121.6515	527.0000	527.0000
1120.6604	475.0000	475.0000
1119.6694	426.0000	426.0000
1118.6783	491.0000	491.0000
1117.6874	509.0000	509.0000
1116.6963	490.0000	490.0000
1115.7053	468.0000	468.0000
1114.7144	504.0000	504.0000
1113.7233	497.0000	497.0000
1112.7323	474.0000	474.0000
1111.7412	493.0000	493.0000
1110.7502	493.0000	493.0000
1109.7592	472.0000	472.0000
1108.7682	486.0000	486.0000
1107.7771	479.0000	479.0000
1106.7861	499.0000	499.0000
1105.7950	477.0000	477.0000
1104.8041	479.0000	479.0000
1103.8130	488.0000	488.0000
1102.8220	488.0000	488.0000
1101.8311	466.0000	466.0000
1100.8400	416.0000	416.0000
1099.8490	469.0000	469.0000
1098.8579	490.0000	490.0000
1097.8669	502.0000	502.0000
1096.8759	516.0000	516.0000
1095.8849	516.0000	516.0000
1094.8938	526.0000	526.0000
1093.9028	493.0000	493.0000
1092.9117	520.0000	520.0000
1091.9208	511.0000	511.0000
1090.9297	530.0000	530.0000
1089.9387	529.0000	529.0000
1088.9478	533.0000	533.0000
1087.9567	526.0000	526.0000
1086.9657	521.0000	521.0000
1085.9746	491.0000	491.0000
1084.9836	526.0000	526.0000
1083.9926	495.0000	495.0000
1083.0016	481.0000	481.0000
1082.0105	515.0000	515.0000
1081.0195	515.0000	515.0000
1080.0284	496.0000	496.0000
1079.0375	485.0000	485.0000
1078.0464	483.0000	483.0000
1077.0554	482.0000	482.0000
1076.0645	517.0000	517.0000
1075.0734	536.0000	536.0000
1074.0824	525.0000	525.0000
1073.0913	510.0000	510.0000
1072.1003	533.0000	533.0000
1071.1093	533.0000	533.0000
1070.1183	521.0000	521.0000
1069.1272	542.0000	542.0000
1068.1362	514.0000	514.0000
1067.1451	548.0000	548.0000
1066.1542	591.0000	591.0000
1065.1631	551.0000	551.0000
1064.1721	544.0000	544.0000
1063.1812	522.0000	522.0000
1062.1901	563.0000	563.0000
1061.1991	507.0000	507.0000
1060.2080	536.0000	536.0000
1059.2170	531.0000	531.0000
1058.2260	522.0000	522.0000
1057.2350	554.0000	554.0000
1056.2439	534.0000	534.0000
1055.2529	560.0000	560.0000
1054.2618	533.0000	533.0000
1053.2709	520.0000	520.0000
1052.2798	539.0000	539.0000
1051.2888	571.0000	571.0000
1050.2979	527.0000	527.0000
1049.3068	543.0000	543.0000
1048.3158	513.0000	513.0000
1047.3247	489.0000	489.0000
1046.3337	525.0000	525.0000
1045.3427	531.0000	531.0000
1044.3517	513.0000	513.0000
1043.3606	498.0000	498.0000
1042.3696	511.0000	511.0000
1041.3785	526.0000	526.0000
1040.3876	528.0000	528.0000
1039.3966	518.0000	518.0000
1038.4055	513.0000	513.0000
1037.4146	510.0000	510.0000
1036.4235	519.0000	519.0000
1035.4325	550.0000	550.0000
1034.4414	561.0000	561.0000
1033.4504	519.0000	519.0000
1032.4594	549.0000	549.0000
1031.4684	544.0000	544.0000
1030.4773	536.0000	536.0000
1029.4863	558.0000	558.0000
1028.4952	550.0000	550.0000
1027.5043	482.0000	482.0000
1026.5133	515.0000	515.0000
1025.5222	533.0000	533.0000
1024.5312	487.0000	487.0000
1023.5402	575.0000	575.0000
1022.5491	566.0000	566.0000
1021.5581	532.0000	532.0000
1020.5671	504.0000	504.0000
1019.5761	510.0000	510.0000
1018.5851	515.0000	515.0000
1017.5941	513.0000	513.0000
1016.6030	547.0000	547.0000
1015.6120	507.0000	507.0000
1014.6210	514.0000	514.0000
1013.6299	557.0000	557.0000
1012.6389	502.0000	502.0000
1011.6479	512.0000	512.0000
1010.6569	494.0000	494.0000
1009.6658	493.0000	493.0000
1008.6748	528.0000	528.0000
1007.6838	517.0000	517.0000
1006.6928	550.0000	550.0000
1005.7018	521.0000	521.0000
1004.7108	534.0000	534.0000
1003.7197	549.0000	549.0000
1002.7287	514.0000	514.0000
1001.7377	545.0000	545.0000
1000.7466	527.0000	527.0000
999.7556	539.0000	539.0000
998.7646	534.0000	534.0000
997.7736	540.0000	540.0000
996.7825	559.0000	559.0000
995.7915	532.0000	532.0000
994.8005	513.0000	513.0000
993.8095	502.0000	502.0000
992.8185	536.0000	536.0000
991.8275	536.0000	536.0000
990.8364	487.0000	487.0000
989.8454	521.0000	521.0000
988.8544	512.0000	512.0000
987.8633	510.0000	510.0000
986.8723	528.0000	528.0000
985.8813	529.0000	529.0000
984.8903	519.0000	519.0000
983.8992	533.0000	533.0000
982.9082	536.0000	536.0000
981.9172	527.0000	527.0000
980.9262	482.0000	482.0000
979.9352	519.0000	519.0000
978.9442	517.0000	517.0000
977.9531	528.0000	528.0000
976.9621	538.0000	538.0000
975.9711	528.0000	528.0000
974.9800	559.0000	559.0000
973.9890	531.0000	531.0000
972.9980	549.0000	549.0000
972.0070	525.0000	525.0000
971.0159	564.0000	564.0000
970.0249	544.0000	544.0000
969.0339	591.0000	591.0000
968.0429	613.0000	613.0000
967.0519	600.0000	600.0000
966.0609	676.0000	676.0000
965.0698	660.0000	660.0000
964.0788	684.0000	684.0000
963.0878	658.0000	658.0000
962.0967	658.0000	658.0000
961.1057	633.0000	633.0000
960.1147	606.0000	606.0000
959.1237	664.0000	664.0000
958.1326	712.0000	712.0000
957.1416	1142.0000	1142.0000
956.1506	1280.0000	1280.0000
955.1596	1105.0000	1105.0000
954.1686	1056.0000	1056.0000
953.1776	1039.0000	1039.0000
952.1865	860.0000	860.0000
951.1955	747.0000	747.0000
950.2045	759.0000	759.0000
949.2134	787.0000	787.0000
948.2224	807.0000	807.0000
947.2314	785.0000	785.0000
946.2404	827.0000	827.0000
945.2493	861.0000	861.0000
944.2583	880.0000	880.0000
943.2673	941.0000	941.0000
942.2763	946.0000	946.0000
941.2853	1041.0000	1041.0000
940.2943	988.0000	988.0000
939.3032	1049.0000	1049.0000
938.3122	1034.0000	1034.0000
937.3212	1007.0000	1007.0000
936.3301	1009.0000	1009.0000
935.3391	954.0000	954.0000
934.3481	984.0000	984.0000
933.3571	1058.0000	1058.0000
932.3660	1009.0000	1009.0000
931.3751	1047.0000	1047.0000
930.3840	1035.0000	1035.0000
929.3930	1086.0000	1086.0000
928.4020	1006.0000	1006.0000
927.4109	1037.0000	1037.0000
926.4199	1082.0000	1082.0000
925.4289	1013.0000	1013.0000
924.4379	1058.0000	1058.0000
923.4468	1167.0000	1167.0000
922.4558	1068.0000	1068.0000
921.4648	1075.0000	1075.0000
920.4738	1078.0000	1078.0000
919.4827	1079.0000	1079.0000
918.4918	1032.0000	1032.0000
917.5007	1052.0000	1052.0000
916.5097	1022.0000	1022.0000
915.5187	1110.0000	1110.0000
914.5276	1065.0000	1065.0000
913.5366	1040.0000	1040.0000
912.5456	1017.0000	1017.0000
911.5546	1071.0000	1071.0000
910.5635	1092.0000	1092.0000
909.5725	1003.0000	1003.0000
908.5815	1038.0000	1038.0000
907.5905	1106.0000	1106.0000
906.5994	1042.0000	1042.0000
905.6085	1059.0000	1059.0000
904.6174	1083.0000	1083.0000
903.6264	1058.0000	1058.0000
902.6354	1083.0000	1083.0000
901.6443	1011.0000	1011.0000
900.6533	1075.0000	1075.0000
899.6623	1099.0000	1099.0000
898.6713	1028.0000	1028.0000
897.6802	1049.0000	1049.0000
896.6892	1068.0000	1068.0000
895.6982	1076.0000	1076.0000
894.7072	1002.0000	1002.0000
893.7161	1036.0000	1036.0000
892.7252	1040.0000	1040.0000
891.7341	1029.0000	1029.0000
890.7431	1017.0000	1017.0000
889.7521	1013.0000	1013.0000
888.7610	1081.0000	1081.0000
887.7700	1082.0000	1082.0000
886.7790	1035.0000	1035.0000
885.7880	1064.0000	1064.0000
884.7969	1055.0000	1055.0000
883.8059	993.0000	993.0000
882.8149	985.0000	985.0000
881.8239	1065.0000	1065.0000
880.8328	1100.0000	1100.0000
879.8419	1069.0000	1069.0000
878.8508	1063.0000	1063.0000
877.8598	1087.0000	1087.0000
876.8688	1018.0000	1018.0000
875.8777	1075.0000	1075.0000
874.8867	1051.0000	1051.0000
873.8957	1041.0000	1041.0000
872.9047	999.0000	999.0000
871.9136	1017.0000	1017.0000
870.9226	1088.0000	1088.0000
869.9316	1048.0000	1048.0000
868.9406	1026.0000	1026.0000
867.9495	1046.0000	1046.0000
866.9586	1039.0000	1039.0000
865.9675	1037.0000	1037.0000
864.9765	1066.0000	1066.0000
863.9855	993.0000	993.0000
862.9944	995.0000	995.0000
862.0034	1070.0000	1070.0000
861.0124	1019.0000	1019.0000
860.0214	992.0000	992.0000
859.0303	1001.0000	1001.0000
858.0393	1008.0000	1008.0000
857.0483	1040.0000	1040.0000
856.0573	1003.0000	1003.0000
855.0663	1046.0000	1046.0000
854.0753	1118.0000	1118.0000
853.0842	1035.0000	1035.0000
852.0932	1019.0000	1019.0000
851.1022	1037.0000	1037.0000
850.1111	1086.0000	1086.0000
849.1201	1018.0000	1018.0000
848.1291	1015.0000	1015.0000
847.1381	1080.0000	1080.0000
846.1470	1086.0000	1086.0000
845.1560	1010.0000	1010.0000
844.1650	1073.0000	1073.0000
843.1740	1161.0000	1161.0000
842.1830	1092.0000	1092.0000
841.1920	1064.0000	1064.0000
840.2009	1138.0000	1138.0000
839.2099	1132.0000	1132.0000
838.2189	1143.0000	1143.0000
837.2278	1195.0000	1195.0000
836.2368	1207.0000	1207.0000
835.2458	1169.0000	1169.0000
834.2548	1232.0000	1232.0000
833.2637	1229.0000	1229.0000
832.2727	1230.0000	1230.0000
831.2817	1253.0000	1253.0000
830.2906	1262.0000	1262.0000
829.2997	1297.0000	1297.0000
828.3087	1263.0000	1263.0000
827.3176	1217.0000	1217.0000
826.3266	1303.0000	1303.0000
825.3356	1325.0000	1325.0000
824.3445	1323.0000	1323.0000
823.3535	1358.0000	1358.0000
822.3625	1411.0000	1411.0000
821.3715	1390.0000	1390.0000
820.3804	1417.0000	1417.0000
819.3894	1521.0000	1521.0000
818.3984	1501.0000	1501.0000
817.4073	1572.0000	1572.0000
816.4164	1586.0000	1586.0000
815.4254	1557.0000	1557.0000
814.4343	1684.0000	1684.0000
813.4433	1753.0000	1753.0000
812.4523	1707.0000	1707.0000
811.4612	1696.0000	1696.0000
810.4702	1724.0000	1724.0000
809.4792	1823.0000	1823.0000
808.4882	1827.0000	1827.0000
807.4971	1769.0000	1769.0000
806.5061	1838.0000	1838.0000
805.5151	1803.0000	1803.0000
804.5240	1806.0000	1806.0000
803.5331	1838.0000	1838.0000
802.5421	1928.0000	1928.0000
801.5510	1846.0000	1846.0000
800.5600	1840.0000	1840.0000
799.5690	1763.0000	1763.0000
798.5779	1840.0000	1840.0000
797.5869	1814.0000	1814.0000
796.5959	1882.0000	1882.0000
795.6049	1822.0000	1822.0000
794.6138	1883.0000	1883.0000
793.6228	1928.0000	1928.0000
792.6318	1792.0000	1792.0000
791.6407	1868.0000	1868.0000
790.6498	1911.0000	1911.0000
789.6588	1869.0000	1869.0000
788.6677	1915.0000	1915.0000
787.6767	1850.0000	1850.0000
786.6857	1882.0000	1882.0000
785.6946	1855.0000	1855.0000
784.7036	1878.0000	1878.0000
783.7126	1896.0000	1896.0000
782.7216	1861.0000	1861.0000
781.7305	1879.0000	1879.0000
780.7395	1804.0000	1804.0000
779.7485	1895.0000	1895.0000
778.7575	1779.0000	1779.0000
777.7665	1855.0000	1855.0000
776.7755	1886.0000	1886.0000
775.7844	1837.0000	1837.0000
774.7934	1804.0000	1804.0000
773.8024	1866.0000	1866.0000
772.8113	1878.0000	1878.0000
771.8203	1828.0000	1828.0000
770.8293	1859.0000	1859.0000
769.8383	1838.0000	1838.0000
768.8472	1835.0000	1835.0000
767.8562	1863.0000	1863.0000
766.8652	1869.0000	1869.0000
765.8742	1845.0000	1845.0000
764.8832	1895.0000	1895.0000
763.8922	1848.0000	1848.0000
762.9011	1819.0000	1819.0000
761.9101	1859.0000	1859.0000
760.9191	1874.0000	1874.0000
759.9280	1857.0000	1857.0000
758.9370	1815.0000	1815.0000
757.9460	1767.0000	1767.0000
756.9550	1808.0000	1808.0000
755.9639	1815.0000	1815.0000
754.9729	1819.0000	1819.0000
753.9819	1777.0000	1777.0000
752.9909	1852.0000	1852.0000
751.9999	1834.0000	1834.0000
751.0089	1860.0000	1860.0000
750.0178	1818.0000	1818.0000
749.0268	1793.0000	1793.0000
748.0358	1864.0000	1864.0000
747.0447	1810.0000	1810.0000
746.0537	1900.0000	1900.0000
745.0627	1792.0000	1792.0000
744.0717	1835.0000	1835.0000
743.0806	1874.0000	1874.0000
742.0896	1766.0000	1766.0000
741.0986	1782.0000	1782.0000
740.1076	1790.0000	1790.0000
739.1166	1807.0000	1807.0000
738.1255	1838.0000	1838.0000
737.1345	1738.0000	1738.0000
736.1435	1818.0000	1818.0000
735.1525	1820.0000	1820.0000
734.1614	1881.0000	1881.0000
733.1704	1864.0000	1864.0000
732.1794	1820.0000	1820.0000
731.1884	1859.0000	1859.0000
730.1973	1854.0000	1854.0000
729.2063	1839.0000	1839.0000
728.2153	1889.0000	1889.0000
727.2243	1797.0000	1797.0000
726.2333	1927.0000	1927.0000
725.2422	1821.0000	1821.0000
724.2512	1881.0000	1881.0000
723.2602	1813.0000	1813.0000
722.2692	1897.0000	1897.0000
721.2781	1873.0000	1873.0000
720.2871	1830.0000	1830.0000
719.2961	1786.0000	1786.0000
718.3051	1799.0000	1799.0000
717.3140	1812.0000	1812.0000
716.3230	1884.0000	1884.0000
715.3320	1860.0000	1860.0000
714.3410	1863.0000	1863.0000
713.3500	1849.0000	1849.0000
712.3589	1876.0000	1876.0000
711.3679	1850.0000	1850.0000
710.3769	1866.0000	1866.0000
709.3859	1944.0000	1944.0000
708.3948	1918.0000	1918.0000
707.4038	1904.0000	1904.0000
706.4128	1919.0000	1919.0000
705.4218	1973.0000	1973.0000
704.4307	1865.0000	1865.0000
703.4397	1870.0000	1870.0000
702.4487	1941.0000	1941.0000
701.4577	1930.0000	1930.0000
700.4667	1957.0000	1957.0000
699.4756	1932.0000	1932.0000
698.4846	1933.0000	1933.0000
697.4936	2054.0000	2054.0000
696.5026	1996.0000	1996.0000
695.5115	2052.0000	2052.0000
694.5205	1954.0000	1954.0000
693.5295	2069.0000	2069.0000
692.5385	1987.0000	1987.0000
691.5474	2019.0000	2019.0000
690.5564	2041.0000	2041.0000
689.5654	2068.0000	2068.0000
688.5744	1964.0000	1964.0000
687.5834	1970.0000	1970.0000
686.5923	2032.0000	2032.0000
685.6013	2066.0000	2066.0000
684.6103	2006.0000	2006.0000
683.6193	1998.0000	1998.0000
682.6282	2074.0000	2074.0000
681.6372	2030.0000	2030.0000
680.6462	2045.0000	2045.0000
679.6552	2035.0000	2035.0000
678.6641	2052.0000	2052.0000
677.6731	2004.0000	2004.0000
676.6821	2059.0000	2059.0000
675.6911	2065.0000	2065.0000
674.7001	2012.0000	2012.0000
673.7090	2028.0000	2028.0000
672.7180	2103.0000	2103.0000
671.7270	2119.0000	2119.0000
670.7360	2076.0000	2076.0000
669.7449	2050.0000	2050.0000
668.7539	2138.0000	2138.0000
667.7629	2075.0000	2075.0000
666.7719	2140.0000	2140.0000
665.7808	1999.0000	1999.0000
664.7898	2135.0000	2135.0000
663.7988	2008.0000	2008.0000
662.8078	2021.0000	2021.0000
661.8168	2114.0000	2114.0000
660.8257	2158.0000	2158.0000
659.8347	2170.0000	2170.0000
658.8437	2196.0000	2196.0000
657.8527	2193.0000	2193.0000
656.8616	2119.0000	2119.0000
655.8706	2094.0000	2094.0000
654.8796	2127.0000	2127.0000
653.8885	2124.0000	2124.0000
652.8975	2129.0000	2129.0000
651.9065	2186.0000	2186.0000
650.9155	2144.0000	2144.0000
649.9245	2099.0000	2099.0000
648.9335	2094.0000	2094.0000
647.9424	2147.0000	2147.0000
646.9514	2100.0000	2100.0000
645.9604	2064.0000	2064.0000
644.9694	2151.0000	2151.0000
643.9783	2142.0000	2142.0000
642.9873	2110.0000	2110.0000
641.9963	2210.0000	2210.0000
641.0052	2138.0000	2138.0000
640.0142	2220.0000	2220.0000
639.0232	2160.0000	2160.0000
638.0322	2259.0000	2259.0000
637.0412	2092.0000	2092.0000
636.0502	2123.0000	2123.0000
635.0591	2174.0000	2174.0000
634.0681	2182.0000	2182.0000
633.0771	2203.0000	2203.0000
632.0861	2151.0000	2151.0000
631.0950	2221.0000	2221.0000
630.1040	2149.0000	2149.0000
629.1130	2168.0000	2168.0000
628.1219	2222.0000	2222.0000
627.1309	2171.0000	2171.0000
626.1399	2191.0000	2191.0000
625.1489	2212.0000	2212.0000
624.1579	2128.0000	2128.0000
623.1669	2193.0000	2193.0000
622.1758	2200.0000	2200.0000
621.1848	2176.0000	2176.0000
620.1938	2137.0000	2137.0000
619.2028	2202.0000	2202.0000
618.2117	2133.0000	2133.0000
617.2207	2188.0000	2188.0000
616.2297	2250.0000	2250.0000
615.2386	2095.0000	2095.0000
614.2476	2227.0000	2227.0000
613.2567	2170.0000	2170.0000
612.2656	2197.0000	2197.0000
611.2746	2173.0000	2173.0000
610.2836	2167.0000	2167.0000
609.2925	2219.0000	2219.0000
608.3015	2154.0000	2154.0000
607.3105	2217.0000	2217.0000
606.3195	2165.0000	2165.0000
605.3284	2218.0000	2218.0000
604.3374	2219.0000	2219.0000
603.3464	2240.0000	2240.0000
602.3553	2228.0000	2228.0000
601.3643	2154.0000	2154.0000
600.3734	2254.0000	2254.0000
599.3823	2260.0000	2260.0000
598.3913	2252.0000	2252.0000
597.4003	2334.0000	2334.0000
596.4092	2299.0000	2299.0000
595.4182	2263.0000	2263.0000
594.4272	2225.0000	2225.0000
593.4362	2246.0000	2246.0000
592.4451	3741.0000	3741.0000
591.4541	2306.0000	2306.0000
590.4631	2255.0000	2255.0000
589.4720	2265.0000	2265.0000
588.4810	2324.0000	2324.0000
587.4901	2252.0000	2252.0000
586.4990	2262.0000	2262.0000
585.5080	2328.0000	2328.0000
584.5170	2224.0000	2224.0000
583.5259	2273.0000	2273.0000
582.5349	2268.0000	2268.0000
581.5439	2219.0000	2219.0000
580.5529	2435.0000	2435.0000
579.5618	2298.0000	2298.0000
578.5708	2288.0000	2288.0000
577.5798	2264.0000	2264.0000
576.5887	2268.0000	2268.0000
575.5977	2290.0000	2290.0000
574.6068	2260.0000	2260.0000
573.6157	2301.0000	2301.0000
572.6247	2212.0000	2212.0000
571.6337	2315.0000	2315.0000
570.6426	2294.0000	2294.0000
569.6516	2235.0000	2235.0000
568.6606	2233.0000	2233.0000
567.6696	2282.0000	2282.0000
566.6785	2268.0000	2268.0000
565.6875	2223.0000	2223.0000
564.6965	2279.0000	2279.0000
563.7054	2240.0000	2240.0000
562.7144	2293.0000	2293.0000
561.7234	2279.0000	2279.0000
560.7324	2274.0000	2274.0000
559.7414	2302.0000	2302.0000
558.7504	2314.0000	2314.0000
557.7593	2285.0000	2285.0000
556.7683	2244.0000	2244.0000
555.7773	2619.0000	2619.0000
554.7863	2266.0000	2266.0000
553.7952	2247.0000	2247.0000
552.8042	2252.0000	2252.0000
551.8132	2374.0000	2374.0000
550.8221	2308.0000	2308.0000
549.8311	2317.0000	2317.0000
548.8401	2282.0000	2282.0000
547.8491	2368.0000	2368.0000
546.8581	2343.0000	2343.0000
545.8671	2307.0000	2307.0000
544.8760	2282.0000	2282.0000
543.8850	2317.0000	2317.0000
542.8940	2261.0000	2261.0000
541.9030	2291.0000	2291.0000
540.9119	2350.0000	2350.0000
539.9209	2282.0000	2282.0000
538.9299	2350.0000	2350.0000
537.9388	2186.0000	2186.0000
536.9479	2299.0000	2299.0000
535.9568	2291.0000	2291.0000
534.9658	2323.0000	2323.0000
533.9748	2307.0000	2307.0000
532.9838	2284.0000	2284.0000
531.9927	2321.0000	2321.0000
531.0017	2304.0000	2304.0000
530.0107	2300.0000	2300.0000
529.0197	2297.0000	2297.0000
528.0286	2311.0000	2311.0000
527.0376	2315.0000	2315.0000
526.0466	2351.0000	2351.0000
525.0555	2368.0000	2368.0000
524.0646	2319.0000	2319.0000
523.0735	2370.0000	2370.0000
522.0825	2391.0000	2391.0000
521.0915	2378.0000	2378.0000
520.1005	2435.0000	2435.0000
519.1094	2474.0000	2474.0000
518.1184	2474.0000	2474.0000
517.1274	2576.0000	2576.0000
516.1364	2709.0000	2709.0000
515.1453	2633.0000	2633.0000
514.1543	2543.0000	2543.0000
513.1633	2597.0000	2597.0000
512.1722	2468.0000	2468.0000
511.1812	2469.0000	2469.0000
510.1902	2423.0000	2423.0000
509.1992	2478.0000	2478.0000
508.2082	2492.0000	2492.0000
507.2172	2461.0000	2461.0000
506.2261	2477.0000	2477.0000
505.2351	2467.0000	2467.0000
504.2441	2442.0000	2442.0000
503.2531	2484.0000	2484.0000
502.2620	2515.0000	2515.0000
501.2710	2491.0000	2491.0000
500.2800	2472.0000	2472.0000
499.2890	2527.0000	2527.0000
498.2979	2403.0000	2403.0000
497.3069	2440.0000	2440.0000
496.3159	2504.0000	2504.0000
495.3249	2448.0000	2448.0000
494.3339	2450.0000	2450.0000
493.3428	2417.0000	2417.0000
492.3518	2554.0000	2554.0000
491.3608	2390.0000	2390.0000
490.3698	2513.0000	2513.0000
489.3788	2582.0000	2582.0000
488.3877	2502.0000	2502.0000
487.3967	2525.0000	2525.0000
486.4057	2514.0000	2514.0000
485.4146	2517.0000	2517.0000
484.4236	2522.0000	2522.0000
483.4326	2453.0000	2453.0000
482.4416	2506.0000	2506.0000
481.4506	2532.0000	2532.0000
480.4595	2557.0000	2557.0000
479.4685	2543.0000	2543.0000
478.4775	2521.0000	2521.0000
477.4865	2553.0000	2553.0000
476.4955	2507.0000	2507.0000
475.5044	2505.0000	2505.0000
474.5134	2567.0000	2567.0000
473.5224	2652.0000	2652.0000
472.5313	2570.0000	2570.0000
471.5403	2584.0000	2584.0000
470.5493	2520.0000	2520.0000
469.5583	2581.0000	2581.0000
468.5673	2532.0000	2532.0000
467.5762	2507.0000	2507.0000
466.5852	2562.0000	2562.0000
465.5942	2558.0000	2558.0000
464.6031	2485.0000	2485.0000
463.6122	2508.0000	2508.0000
462.6211	2504.0000	2504.0000
461.6301	2614.0000	2614.0000
460.6391	2524.0000	2524.0000
459.6480	2570.0000	2570.0000
458.6570	2538.0000	2538.0000
457.6660	2531.0000	2531.0000
456.6750	2559.0000	2559.0000
455.6840	2542.0000	2542.0000
454.6929	2611.0000	2611.0000
453.7019	2571.0000	2571.0000
452.7109	2580.0000	2580.0000
451.7198	2582.0000	2582.0000
450.7289	2556.0000	2556.0000
449.7378	2583.0000	2583.0000
448.7468	2533.0000	2533.0000
447.7558	2562.0000	2562.0000
446.7647	2524.0000	2524.0000
445.7737	2584.0000	2584.0000
444.7827	2528.0000	2528.0000
443.7917	2533.0000	2533.0000
442.8007	2486.0000	2486.0000
441.8096	2599.0000	2599.0000
440.8186	2589.0000	2589.0000
439.8276	2542.0000	2542.0000
438.8365	2482.0000	2482.0000
437.8456	2551.0000	2551.0000
436.8545	2587.0000	2587.0000
435.8635	2624.0000	2624.0000
434.8725	2571.0000	2571.0000
433.8814	2529.0000	2529.0000
432.8904	2612.0000	2612.0000
431.8994	2639.0000	2639.0000
430.9084	2529.0000	2529.0000
429.9174	2624.0000	2624.0000
428.9263	2617.0000	2617.0000
427.9353	2687.0000	2687.0000
426.9443	2604.0000	2604.0000
425.9532	2642.0000	2642.0000
424.9622	2553.0000	2553.0000
423.9712	2648.0000	2648.0000
422.9802	2662.0000	2662.0000
421.9892	2644.0000	2644.0000
420.9981	2662.0000	2662.0000
420.0071	2820.0000	2820.0000
419.0161	2813.0000	2813.0000
418.0251	2887.0000	2887.0000
417.0341	2932.0000	2932.0000
416.0430	2864.0000	2864.0000
415.0520	2914.0000	2914.0000
414.0610	3023.0000	3023.0000
413.0699	3218.0000	3218.0000
412.0789	3433.0000	3433.0000
411.0879	3646.0000	3646.0000
410.0969	3568.0000	3568.0000
409.1059	3925.0000	3925.0000
408.1148	4063.0000	4063.0000
407.1238	3997.0000	3997.0000
406.1328	3742.0000	3742.0000
405.1418	3729.0000	3729.0000
404.1508	3358.0000	3358.0000
403.1597	3070.0000	3070.0000
402.1687	3188.0000	3188.0000
401.1777	3188.0000	3188.0000
400.1867	3220.0000	3220.0000
399.1956	3279.0000	3279.0000
398.2046	3213.0000	3213.0000
397.2136	3320.0000	3320.0000
396.2226	3321.0000	3321.0000
395.2315	3315.0000	3315.0000
394.2405	3393.0000	3393.0000
393.2495	3288.0000	3288.0000
392.2585	3481.0000	3481.0000
391.2675	3450.0000	3450.0000
390.2764	3459.0000	3459.0000
389.2854	3464.0000	3464.0000
388.2944	3514.0000	3514.0000
387.3034	3547.0000	3547.0000
386.3123	3610.0000	3610.0000
385.3213	3678.0000	3678.0000
384.3303	3814.0000	3814.0000
383.3393	3751.0000	3751.0000
382.3482	3944.0000	3944.0000
381.3572	4070.0000	4070.0000
380.3662	4058.0000	4058.0000
379.3752	3917.0000	3917.0000
378.3842	3791.0000	3791.0000
377.3931	3827.0000	3827.0000
376.4021	3734.0000	3734.0000
375.4111	3684.0000	3684.0000
374.4201	3675.0000	3675.0000
373.4290	3613.0000	3613.0000
372.4380	3711.0000	3711.0000
371.4470	3646.0000	3646.0000
370.4560	3676.0000	3676.0000
369.4649	3675.0000	3675.0000
368.4739	3758.0000	3758.0000
367.4829	3755.0000	3755.0000
366.4919	3730.0000	3730.0000
365.5009	3733.0000	3733.0000
364.5098	3632.0000	3632.0000
363.5188	3734.0000	3734.0000
362.5278	3840.0000	3840.0000
361.5368	3682.0000	3682.0000
360.5457	3725.0000	3725.0000
359.5547	3684.0000	3684.0000
358.5637	3713.0000	3713.0000
357.5727	3722.0000	3722.0000
356.5816	3787.0000	3787.0000
355.5906	3772.0000	3772.0000
354.5996	3771.0000	3771.0000
353.6086	3738.0000	3738.0000
352.6176	3700.0000	3700.0000
351.6265	3749.0000	3749.0000
350.6355	3757.0000	3757.0000
349.6445	3797.0000	3797.0000
348.6535	3773.0000	3773.0000
347.6624	3697.0000	3697.0000
346.6714	3785.0000	3785.0000
345.6804	3759.0000	3759.0000
344.6894	3761.0000	3761.0000
343.6983	3771.0000	3771.0000
342.7073	3782.0000	3782.0000
341.7163	3759.0000	3759.0000
340.7253	3734.0000	3734.0000
339.7343	3743.0000	3743.0000
338.7432	3717.0000	3717.0000
337.7522	3777.0000	3777.0000
336.7612	3771.0000	3771.0000
335.7702	3707.0000	3707.0000
334.7791	3793.0000	3793.0000
333.7881	3799.0000	3799.0000
332.7971	3776.0000	3776.0000
331.8061	3770.0000	3770.0000
330.8150	3740.0000	3740.0000
329.8240	3797.0000	3797.0000
328.8330	3792.0000	3792.0000
327.8420	3764.0000	3764.0000
326.8510	3777.0000	3777.0000
325.8599	3803.0000	3803.0000
324.8689	3792.0000	3792.0000
323.8779	3853.0000	3853.0000
322.8869	3836.0000	3836.0000
321.8958	3793.0000	3793.0000
320.9048	3860.0000	3860.0000
319.9138	3776.0000	3776.0000
318.9228	3848.0000	3848.0000
317.9317	3777.0000	3777.0000
316.9407	3748.0000	3748.0000
315.9497	3833.0000	3833.0000
314.9587	3810.0000	3810.0000
313.9677	3735.0000	3735.0000
312.9766	3831.0000	3831.0000
311.9856	3863.0000	3863.0000
310.9946	3860.0000	3860.0000
310.0036	3832.0000	3832.0000
309.0125	3856.0000	3856.0000
308.0215	3790.0000	3790.0000
307.0305	3811.0000	3811.0000
306.0395	3798.0000	3798.0000
305.0484	3876.0000	3876.0000
304.0574	3783.0000	3783.0000
303.0664	3749.0000	3749.0000
302.0754	3912.0000	3912.0000
301.0844	3851.0000	3851.0000
300.0933	3792.0000	3792.0000
299.1023	3809.0000	3809.0000
298.1113	3756.0000	3756.0000
297.1203	3782.0000	3782.0000
296.1292	3830.0000	3830.0000
295.1382	3906.0000	3906.0000
294.1472	3793.0000	3793.0000
293.1562	3866.0000	3866.0000
292.1652	3906.0000	3906.0000
291.1741	3938.0000	3938.0000
290.1831	3840.0000	3840.0000
289.1921	3819.0000	3819.0000
288.2010	3838.0000	3838.0000
287.2100	3822.0000	3822.0000
286.2190	3855.0000	3855.0000
285.2280	3866.0000	3866.0000
284.2370	3859.0000	3859.0000
283.2459	3893.0000	3893.0000
282.2549	3802.0000	3802.0000
281.2639	3799.0000	3799.0000
280.2729	3870.0000	3870.0000
279.2819	3898.0000	3898.0000
278.2908	3891.0000	3891.0000
277.2998	3883.0000	3883.0000
276.3088	3915.0000	3915.0000
275.3177	3888.0000	3888.0000
274.3267	3958.0000	3958.0000
273.3357	3885.0000	3885.0000
272.3447	3945.0000	3945.0000
271.3537	4020.0000	4020.0000
270.3626	4078.0000	4078.0000
269.3716	3990.0000	3990.0000
268.3806	3986.0000	3986.0000
267.3896	3926.0000	3926.0000
266.3986	3956.0000	3956.0000
265.4075	3969.0000	3969.0000
264.4165	4073.0000	4073.0000
263.4255	4016.0000	4016.0000
262.4344	3904.0000	3904.0000
261.4434	4066.0000	4066.0000
260.4524	3935.0000	3935.0000
259.4614	4003.0000	4003.0000
258.4704	3966.0000	3966.0000
257.4793	3964.0000	3964.0000
256.4883	3960.0000	3960.0000
255.4973	3972.0000	3972.0000
254.5063	3964.0000	3964.0000
253.5152	3947.0000	3947.0000
252.5242	3995.0000	3995.0000
251.5332	3971.0000	3971.0000
250.5422	4035.0000	4035.0000
249.5511	3964.0000	3964.0000
248.5601	4032.0000	4032.0000
247.5691	4075.0000	4075.0000
246.5781	3989.0000	3989.0000
245.5871	4011.0000	4011.0000
244.5960	4000.0000	4000.0000
243.6050	4029.0000	4029.0000
242.6140	4059.0000	4059.0000
241.6230	4057.0000	4057.0000
240.6319	4036.0000	4036.0000
239.6409	4043.0000	4043.0000
238.6499	3983.0000	3983.0000
237.6589	4038.0000	4038.0000
236.6678	4058.0000	4058.0000
235.6768	3984.0000	3984.0000
234.6858	4071.0000	4071.0000
233.6948	4029.0000	4029.0000
232.7038	3939.0000	3939.0000
231.7127	4149.0000	4149.0000
230.7217	4069.0000	4069.0000
229.7307	4014.0000	4014.0000
228.7397	4051.0000	4051.0000
227.7486	4017.0000	4017.0000
226.7576	4062.0000	4062.0000
225.7666	4095.0000	4095.0000
224.7756	4094.0000	4094.0000
223.7846	4025.0000	4025.0000
222.7935	4149.0000	4149.0000
221.8025	4098.0000	4098.0000
220.8115	4019.0000	4019.0000
219.8205	4108.0000	4108.0000
218.8294	4076.0000	4076.0000
217.8384	4137.0000	4137.0000
216.8474	4069.0000	4069.0000
215.8564	4101.0000	4101.0000
214.8653	4148.0000	4148.0000
213.8743	4109.0000	4109.0000
212.8833	4097.0000	4097.0000
211.8923	4029.0000	4029.0000
210.9013	4077.0000	4077.0000
209.9102	4127.0000	4127.0000
208.9192	4030.0000	4030.0000
207.9282	4131.0000	4131.0000
206.9372	4171.0000	4171.0000
205.9461	4138.0000	4138.0000
204.9551	4010.0000	4010.0000
203.9641	4131.0000	4131.0000
202.9731	4142.0000	4142.0000
201.9820	4132.0000	4132.0000
200.9910	4146.0000	4146.0000
