1488.2600	92.0000	569.0000
1487.2690	5.0000	22.0000
1486.2781	5.0000	21.0000
1485.2871	3.0000	17.0000
1484.2961	3.0000	14.0000
1483.3052	3.0000	23.0000
1482.3142	25.0000	43.0000
1481.3232	124.0000	136.0000
1480.3323	23.0000	36.0000
1479.3413	12.0000	31.0000
1478.3503	6.0000	27.0000
1477.3594	4.0000	38.0000
1476.3684	9.0000	49.0000
1475.3774	13.0000	53.0000
1474.3865	4.0000	46.0000
1473.3955	5.0000	43.0000
1472.4045	10.0000	49.0000
1471.4136	9.0000	36.0000
1470.4226	4.0000	24.0000
1469.4316	3.0000	24.0000
1468.4407	4.0000	31.0000
1467.4497	2.0000	28.0000
1466.4586	1.0000	30.0000
1465.4677	4.0000	27.0000
1464.4767	6.0000	43.0000
1463.4857	5.0000	49.0000
1462.4948	4.0000	41.0000
1461.5038	5.0000	62.0000
1460.5128	6.0000	53.0000
1459.5219	9.0000	48.0000
1458.5309	7.0000	53.0000
1457.5399	6.0000	61.0000
1456.5490	5.0000	42.0000
1455.5580	8.0000	45.0000
1454.5670	8.0000	45.0000
1453.5760	5.0000	36.0000
1452.5851	5.0000	28.0000
1451.5941	3.0000	45.0000
1450.6031	5.0000	30.0000
1449.6122	2.0000	37.0000
1448.6212	4.0000	32.0000
1447.6302	7.0000	48.0000
1446.6393	3.0000	34.0000
1445.6483	5.0000	32.0000
1444.6573	5.0000	36.0000
1443.6664	4.0000	41.0000
1442.6754	5.0000	37.0000
1441.6844	6.0000	55.0000
1440.6935	5.0000	43.0000
1439.7025	13.0000	49.0000
1438.7115	4.0000	50.0000
1437.7206	3.0000	46.0000
1436.7296	4.0000	32.0000
1435.7386	2.0000	54.0000
1434.7477	3.0000	38.0000
1433.7567	4.0000	39.0000
1432.7657	7.0000	44.0000
1431.7748	2.0000	34.0000
1430.7838	9.0000	42.0000
1429.7928	9.0000	42.0000
1428.8019	4.0000	29.0000
1427.8109	5.0000	36.0000
1426.8199	6.0000	47.0000
1425.8290	6.0000	48.0000
1424.8380	8.0000	36.0000
1423.8470	10.0000	38.0000
1422.8561	5.0000	33.0000
1421.8651	9.0000	54.0000
1420.8741	4.0000	31.0000
1419.8832	9.0000	41.0000
1418.8922	3.0000	52.0000
1417.9012	10.0000	55.0000
1416.9102	4.0000	53.0000
1415.9192	7.0000	44.0000
1414.9282	6.0000	55.0000
1413.9373	3.0000	39.0000
1412.9463	7.0000	46.0000
1411.9553	4.0000	53.0000
1410.9644	3.0000	39.0000
1409.9734	3.0000	28.0000
1408.9824	6.0000	43.0000
1407.9915	5.0000	55.0000
1407.0005	4.0000	52.0000
1406.0095	3.0000	43.0000
1405.0186	8.0000	43.0000
1404.0276	7.0000	47.0000
1403.0366	7.0000	43.0000
1402.0457	4.0000	35.0000
1401.0547	9.0000	36.0000
1400.0637	4.0000	43.0000
1399.0728	12.0000	41.0000
1398.0818	4.0000	38.0000
1397.0908	7.0000	35.0000
1396.0999	8.0000	47.0000
1395.1089	3.0000	34.0000
1394.1179	6.0000	44.0000
1393.1270	9.0000	52.0000
1392.1360	5.0000	46.0000
1391.1450	4.0000	40.0000
1390.1541	4.0000	44.0000
1389.1631	8.0000	61.0000
1388.1721	7.0000	50.0000
1387.1812	4.0000	37.0000
1386.1902	8.0000	40.0000
1385.1992	4.0000	41.0000
1384.2083	3.0000	43.0000
1383.2173	9.0000	55.0000
1382.2263	9.0000	45.0000
1381.2354	3.0000	53.0000
1380.2444	7.0000	41.0000
1379.2534	7.0000	55.0000
1378.2625	3.0000	45.0000
1377.2715	6.0000	33.0000
1376.2805	4.0000	41.0000
1375.2896	7.0000	54.0000
1374.2986	6.0000	43.0000
1373.3076	5.0000	39.0000
1372.3167	7.0000	61.0000
1371.3257	8.0000	53.0000
1370.3347	3.0000	40.0000
1369.3437	6.0000	44.0000
1368.3528	7.0000	47.0000
1367.3617	5.0000	41.0000
1366.3707	5.0000	38.0000
1365.3798	9.0000	65.0000
1364.3888	3.0000	48.0000
1363.3978	9.0000	61.0000
1362.4069	8.0000	69.0000
1361.4159	6.0000	58.0000
1360.4249	5.0000	82.0000
1359.4340	17.0000	85.0000
1358.4430	12.0000	63.0000
1357.4520	18.0000	87.0000
1356.4611	11.0000	100.0000
1355.4701	24.0000	129.0000
1354.4791	31.0000	187.0000
1353.4882	28.0000	156.0000
1352.4972	25.0000	202.0000
1351.5062	31.0000	231.0000
1350.5153	37.0000	270.0000
1349.5243	42.0000	276.0000
1348.5333	34.0000	280.0000
1347.5424	41.0000	271.0000
1346.5514	35.0000	237.0000
1345.5604	34.0000	248.0000
1344.5695	29.0000	202.0000
1343.5785	34.0000	209.0000
1342.5875	25.0000	206.0000
1341.5966	22.0000	167.0000
1340.6056	23.0000	143.0000
1339.6146	24.0000	166.0000
1338.6237	24.0000	154.0000
1337.6327	23.0000	177.0000
1336.6417	32.0000	180.0000
1335.6508	19.0000	172.0000
1334.6598	27.0000	168.0000
1333.6688	39.0000	193.0000
1332.6779	28.0000	187.0000
1331.6869	35.0000	192.0000
1330.6959	18.0000	192.0000
1329.7050	22.0000	172.0000
1328.7140	14.0000	200.0000
1327.7230	32.0000	196.0000
1326.7321	21.0000	195.0000
1325.7411	42.0000	204.0000
1324.7501	22.0000	189.0000
1323.7592	29.0000	229.0000
1322.7682	28.0000	191.0000
1321.7772	43.0000	262.0000
1320.7863	32.0000	236.0000
1319.7953	34.0000	232.0000
1318.8043	30.0000	238.0000
1317.8132	37.0000	236.0000
1316.8223	35.0000	236.0000
1315.8313	29.0000	232.0000
1314.8403	25.0000	231.0000
1313.8494	36.0000	251.0000
1312.8584	42.0000	224.0000
1311.8674	38.0000	237.0000
1310.8765	48.0000	278.0000
1309.8855	36.0000	274.0000
1308.8945	34.0000	267.0000
1307.9036	37.0000	271.0000
1306.9126	23.0000	273.0000
1305.9216	39.0000	279.0000
1304.9307	42.0000	275.0000
1303.9397	42.0000	290.0000
1302.9487	40.0000	340.0000
1301.9578	40.0000	297.0000
1300.9668	47.0000	323.0000
1299.9758	50.0000	334.0000
1298.9849	37.0000	342.0000
1297.9939	52.0000	308.0000
1297.0029	43.0000	326.0000
1296.0120	41.0000	305.0000
1295.0210	36.0000	306.0000
1294.0300	44.0000	335.0000
1293.0391	46.0000	342.0000
1292.0481	54.0000	338.0000
1291.0571	41.0000	327.0000
1290.0662	55.0000	334.0000
1289.0752	55.0000	353.0000
1288.0842	51.0000	377.0000
1287.0933	50.0000	358.0000
1286.1023	56.0000	382.0000
1285.1113	66.0000	367.0000
1284.1204	59.0000	416.0000
1283.1294	58.0000	407.0000
1282.1384	60.0000	395.0000
1281.1475	54.0000	433.0000
1280.1565	55.0000	433.0000
1279.1655	64.0000	423.0000
1278.1746	66.0000	402.0000
1277.1836	65.0000	437.0000
1276.1926	75.0000	449.0000
1275.2017	75.0000	437.0000
1274.2107	63.0000	463.0000
1273.2197	69.0000	446.0000
1272.2288	47.0000	467.0000
1271.2378	69.0000	452.0000
1270.2468	73.0000	533.0000
1269.2559	74.0000	505.0000
1268.2648	74.0000	486.0000
1267.2738	87.0000	584.0000
1266.2828	95.0000	568.0000
1265.2919	78.0000	534.0000
1264.3009	82.0000	599.0000
1263.3099	83.0000	562.0000
1262.3190	99.0000	592.0000
1261.3280	87.0000	583.0000
1260.3370	84.0000	624.0000
1259.3461	107.0000	613.0000
1258.3551	84.0000	624.0000
1257.3641	88.0000	626.0000
1256.3732	94.0000	629.0000
1255.3822	82.0000	669.0000
1254.3912	89.0000	662.0000
1253.4003	89.0000	679.0000
1252.4093	95.0000	676.0000
1251.4183	100.0000	718.0000
1250.4274	111.0000	707.0000
1249.4364	113.0000	741.0000
1248.4454	111.0000	771.0000
1247.4545	117.0000	774.0000
1246.4635	108.0000	825.0000
1245.4725	125.0000	866.0000
1244.4816	125.0000	843.0000
1243.4906	127.0000	816.0000
1242.4996	132.0000	921.0000
1241.5087	144.0000	920.0000
1240.5177	136.0000	961.0000
1239.5267	169.0000	1032.0000
1238.5358	156.0000	1025.0000
1237.5448	179.0000	1076.0000
1236.5538	163.0000	1204.0000
1235.5629	200.0000	1380.0000
1234.5719	238.0000	1568.0000
1233.5809	253.0000	1649.0000
1232.5900	252.0000	1634.0000
1231.5990	207.0000	1571.0000
1230.6080	231.0000	1536.0000
1229.6171	185.0000	1355.0000
1228.6261	212.0000	1389.0000
1227.6351	176.0000	1382.0000
1226.6442	160.0000	1315.0000
1225.6532	210.0000	1334.0000
1224.6622	190.0000	1309.0000
1223.6713	182.0000	1330.0000
1222.6803	207.0000	1439.0000
1221.6893	209.0000	1457.0000
1220.6984	211.0000	1501.0000
1219.7074	227.0000	1596.0000
1218.7163	236.0000	1599.0000
1217.7253	220.0000	1685.0000
1216.7344	261.0000	1726.0000
1215.7434	244.0000	1673.0000
1214.7524	239.0000	1683.0000
1213.7615	272.0000	1853.0000
1212.7705	244.0000	1787.0000
1211.7795	238.0000	1777.0000
1210.7886	251.0000	1845.0000
1209.7976	287.0000	1972.0000
1208.8066	282.0000	2093.0000
1207.8157	301.0000	1995.0000
1206.8247	270.0000	2002.0000
1205.8337	297.0000	2009.0000
1204.8428	307.0000	2046.0000
1203.8518	251.0000	2056.0000
1202.8608	292.0000	2115.0000
1201.8699	289.0000	2206.0000
1200.8789	315.0000	2523.0000
1199.8879	356.0000	2497.0000
1198.8970	534.0000	3841.0000
1197.9060	555.0000	3918.0000
1196.9150	369.0000	2703.0000
1195.9241	318.0000	2510.0000
1194.9331	344.0000	2558.0000
1193.9421	376.0000	2581.0000
1192.9512	369.0000	2575.0000
1191.9602	303.0000	2442.0000
1190.9692	352.0000	2573.0000
1189.9783	360.0000	2607.0000
1188.9873	374.0000	2505.0000
1187.9963	334.0000	2517.0000
1187.0054	366.0000	2621.0000
1186.0144	356.0000	2608.0000
1185.0234	358.0000	2655.0000
1184.0325	412.0000	2706.0000
1183.0415	337.0000	2608.0000
1182.0505	341.0000	2690.0000
1181.0596	412.0000	2839.0000
1180.0686	402.0000	2855.0000
1179.0776	396.0000	2806.0000
1178.0867	380.0000	2819.0000
1177.0957	363.0000	2848.0000
1176.1047	397.0000	2871.0000
1175.1138	408.0000	2870.0000
1174.1228	431.0000	2932.0000
1173.1318	429.0000	2903.0000
1172.1409	361.0000	2881.0000
1171.1499	387.0000	2965.0000
1170.1589	435.0000	3003.0000
1169.1678	438.0000	2971.0000
1168.1769	401.0000	2922.0000
1167.1859	425.0000	3029.0000
1166.1949	418.0000	3114.0000
1165.2040	406.0000	3105.0000
1164.2130	428.0000	3017.0000
1163.2220	454.0000	3175.0000
1162.2311	446.0000	3067.0000
1161.2401	425.0000	3051.0000
1160.2491	447.0000	3182.0000
1159.2582	464.0000	2999.0000
1158.2672	419.0000	3079.0000
1157.2762	440.0000	3161.0000
1156.2853	437.0000	3040.0000
1155.2943	475.0000	3144.0000
1154.3033	435.0000	3138.0000
1153.3124	446.0000	3244.0000
1152.3214	442.0000	3174.0000
1151.3304	427.0000	3217.0000
1150.3395	476.0000	3237.0000
1149.3485	423.0000	3114.0000
1148.3575	447.0000	3149.0000
1147.3666	458.0000	3206.0000
1146.3756	495.0000	3319.0000
1145.3846	447.0000	3235.0000
1144.3937	453.0000	3183.0000
1143.4027	483.0000	3231.0000
1142.4117	443.0000	3304.0000
1141.4208	470.0000	3294.0000
1140.4298	461.0000	3439.0000
1139.4388	509.0000	3461.0000
1138.4479	470.0000	3421.0000
1137.4569	529.0000	3646.0000
1136.4659	523.0000	3769.0000
1135.4750	508.0000	3646.0000
1134.4840	509.0000	3615.0000
1133.4930	506.0000	3709.0000
1132.5021	487.0000	3577.0000
1131.5111	518.0000	3772.0000
1130.5201	494.0000	3527.0000
1129.5292	497.0000	3543.0000
1128.5382	475.0000	3531.0000
1127.5472	513.0000	3440.0000
1126.5563	453.0000	3381.0000
1125.5653	495.0000	3421.0000
1124.5743	487.0000	3330.0000
1123.5834	473.0000	3363.0000
1122.5924	474.0000	3476.0000
1121.6014	471.0000	3478.0000
1120.6105	502.0000	3422.0000
1119.6195	478.0000	3388.0000
1118.6284	470.0000	3429.0000
1117.6375	505.0000	3334.0000
1116.6465	467.0000	3494.0000
1115.6555	506.0000	3483.0000
1114.6646	481.0000	3419.0000
1113.6736	478.0000	3330.0000
1112.6826	446.0000	3387.0000
1111.6917	459.0000	3386.0000
1110.7007	449.0000	3349.0000
1109.7097	510.0000	3454.0000
1108.7187	466.0000	3371.0000
1107.7278	461.0000	3278.0000
1106.7368	476.0000	3381.0000
1105.7458	476.0000	3358.0000
1104.7549	464.0000	3325.0000
1103.7639	465.0000	3384.0000
1102.7729	498.0000	3387.0000
1101.7820	460.0000	3431.0000
1100.7910	551.0000	3490.0000
1099.8000	519.0000	3633.0000
1098.8091	502.0000	3517.0000
1097.8181	500.0000	3556.0000
1096.8271	527.0000	3516.0000
1095.8362	474.0000	3456.0000
1094.8452	500.0000	3609.0000
1093.8542	470.0000	3494.0000
1092.8633	472.0000	3568.0000
1091.8723	511.0000	3574.0000
1090.8813	517.0000	3563.0000
1089.8904	470.0000	3603.0000
1088.8994	518.0000	3641.0000
1087.9084	494.0000	3525.0000
1086.9175	547.0000	3751.0000
1085.9265	509.0000	3633.0000
1084.9355	470.0000	3619.0000
1083.9446	477.0000	3573.0000
1082.9536	470.0000	3569.0000
1081.9626	483.0000	3534.0000
1080.9717	597.0000	3651.0000
1079.9807	481.0000	3426.0000
1078.9897	517.0000	3504.0000
1077.9988	486.0000	3547.0000
1077.0078	496.0000	3522.0000
1076.0168	502.0000	3608.0000
1075.0259	563.0000	3677.0000
1074.0349	507.0000	3664.0000
1073.0439	527.0000	3735.0000
1072.0530	507.0000	3733.0000
1071.0620	532.0000	3754.0000
1070.0710	536.0000	3863.0000
1069.0800	555.0000	3877.0000
1068.0890	519.0000	3754.0000
1067.0980	535.0000	3835.0000
1066.1071	543.0000	3856.0000
1065.1161	519.0000	3794.0000
1064.1251	519.0000	3728.0000
1063.1342	554.0000	3798.0000
1062.1432	572.0000	3866.0000
1061.1522	521.0000	3780.0000
1060.1613	501.0000	3732.0000
1059.1703	479.0000	3639.0000
1058.1793	516.0000	3739.0000
1057.1884	546.0000	3798.0000
1056.1974	507.0000	3624.0000
1055.2064	502.0000	3624.0000
1054.2155	521.0000	3591.0000
1053.2245	504.0000	3673.0000
1052.2335	515.0000	3614.0000
1051.2426	530.0000	3658.0000
1050.2516	532.0000	3720.0000
1049.2606	554.0000	3697.0000
1048.2697	502.0000	3650.0000
1047.2787	467.0000	3555.0000
1046.2877	497.0000	3633.0000
1045.2968	492.0000	3592.0000
1044.3058	507.0000	3502.0000
1043.3148	539.0000	3639.0000
1042.3239	490.0000	3605.0000
1041.3329	525.0000	3756.0000
1040.3419	556.0000	3673.0000
1039.3510	499.0000	3575.0000
1038.3600	509.0000	3705.0000
1037.3690	530.0000	3633.0000
1036.3781	496.0000	3711.0000
1035.3871	530.0000	3641.0000
1034.3961	554.0000	3827.0000
1033.4052	487.0000	3683.0000
1032.4142	520.0000	3834.0000
1031.4232	545.0000	3715.0000
1030.4323	478.0000	3673.0000
1029.4413	488.0000	3803.0000
1028.4503	486.0000	3469.0000
1027.4594	517.0000	3682.0000
1026.4684	532.0000	3747.0000
1025.4774	499.0000	3720.0000
1024.4865	481.0000	3725.0000
1023.4954	533.0000	3662.0000
1022.5045	543.0000	3786.0000
1021.5135	476.0000	3608.0000
1020.5225	535.0000	3738.0000
1019.5316	510.0000	3745.0000
1018.5406	516.0000	3753.0000
1017.5496	533.0000	3696.0000
1016.5587	538.0000	3795.0000
1015.5677	521.0000	3684.0000
1014.5767	514.0000	3622.0000
1013.5858	510.0000	3757.0000
1012.5948	497.0000	3550.0000
1011.6038	495.0000	3726.0000
1010.6129	509.0000	3616.0000
1009.6219	502.0000	3696.0000
1008.6309	497.0000	3672.0000
1007.6399	507.0000	3675.0000
1006.6489	528.0000	3707.0000
1005.6580	504.0000	3694.0000
1004.6670	515.0000	3724.0000
1003.6760	479.0000	3616.0000
1002.6851	538.0000	3736.0000
1001.6941	527.0000	3669.0000
1000.7031	460.0000	3628.0000
999.7122	511.0000	3779.0000
998.7212	545.0000	3726.0000
997.7302	477.0000	3655.0000
996.7393	509.0000	3652.0000
995.7483	514.0000	3761.0000
994.7573	486.0000	3553.0000
993.7664	516.0000	3619.0000
992.7754	530.0000	3671.0000
991.7844	496.0000	3651.0000
990.7935	523.0000	3734.0000
989.8025	566.0000	3729.0000
988.8115	531.0000	3729.0000
987.8206	508.0000	3643.0000
986.8296	526.0000	3708.0000
985.8386	557.0000	3721.0000
984.8477	491.0000	3710.0000
983.8567	527.0000	3722.0000
982.8657	548.0000	3788.0000
981.8747	481.0000	3719.0000
980.8837	533.0000	3676.0000
979.8928	564.0000	3796.0000
978.9018	521.0000	3759.0000
977.9108	533.0000	3750.0000
976.9199	521.0000	3723.0000
975.9289	477.0000	3760.0000
974.9379	525.0000	3717.0000
973.9470	524.0000	3810.0000
972.9560	517.0000	3799.0000
971.9650	493.0000	3875.0000
970.9741	553.0000	3910.0000
969.9831	538.0000	4021.0000
968.9921	600.0000	4193.0000
968.0012	588.0000	4333.0000
967.0102	635.0000	4532.0000
966.0192	663.0000	4606.0000
965.0283	621.0000	4599.0000
964.0373	633.0000	4590.0000
963.0463	616.0000	4678.0000
962.0554	657.0000	4664.0000
961.0644	647.0000	4567.0000
960.0734	634.0000	4667.0000
959.0825	637.0000	4666.0000
958.0915	709.0000	4979.0000
957.1005	1120.0000	7997.0000
956.1095	1269.0000	8994.0000
955.1185	1083.0000	7728.0000
954.1276	1051.0000	7337.0000
953.1366	1033.0000	7308.0000
952.1456	757.0000	5617.0000
951.1547	712.0000	5153.0000
950.1637	760.0000	5221.0000
949.1727	735.0000	5463.0000
948.1818	768.0000	5552.0000
947.1908	827.0000	5635.0000
946.1998	851.0000	5893.0000
945.2089	870.0000	6195.0000
944.2179	893.0000	6350.0000
943.2269	1000.0000	6870.0000
942.2360	923.0000	6635.0000
941.2450	954.0000	7016.0000
940.2540	992.0000	7077.0000
939.2631	1018.0000	7306.0000
938.2721	1014.0000	7339.0000
937.2811	975.0000	7127.0000
936.2902	1044.0000	7320.0000
935.2992	957.0000	7060.0000
934.3082	1010.0000	7126.0000
933.3173	1013.0000	7186.0000
932.3262	1035.0000	7340.0000
931.3353	974.0000	7087.0000
930.3443	1050.0000	7401.0000
929.3533	1037.0000	7261.0000
928.3624	1045.0000	7363.0000
927.3714	1060.0000	7539.0000
926.3804	1038.0000	7574.0000
925.3895	1120.0000	7593.0000
924.3985	1075.0000	7690.0000
923.4075	1078.0000	7696.0000
922.4166	1019.0000	7764.0000
921.4256	1156.0000	7664.0000
920.4346	1074.0000	7596.0000
919.4437	1076.0000	7487.0000
918.4527	1095.0000	7477.0000
917.4617	1048.0000	7326.0000
916.4708	1027.0000	7368.0000
915.4798	995.0000	7286.0000
914.4888	1045.0000	7345.0000
913.4979	1023.0000	7360.0000
912.5069	1031.0000	7336.0000
911.5159	1014.0000	7287.0000
910.5250	994.0000	7448.0000
909.5340	1051.0000	7496.0000
908.5430	1063.0000	7544.0000
907.5520	991.0000	7472.0000
906.5610	1050.0000	7613.0000
905.5701	1070.0000	7455.0000
904.5791	1037.0000	7494.0000
903.5881	1073.0000	7433.0000
902.5972	1050.0000	7580.0000
901.6062	1012.0000	7501.0000
900.6152	1022.0000	7425.0000
899.6243	1020.0000	7372.0000
898.6333	1051.0000	7252.0000
897.6423	1068.0000	7483.0000
896.6514	1071.0000	7437.0000
895.6604	994.0000	7375.0000
894.6694	1005.0000	7360.0000
893.6785	1028.0000	7432.0000
892.6875	1045.0000	7343.0000
891.6965	1009.0000	7338.0000
890.7056	1073.0000	7451.0000
889.7146	1027.0000	7328.0000
888.7236	1015.0000	7419.0000
887.7327	1044.0000	7274.0000
886.7417	1031.0000	7386.0000
885.7507	1009.0000	7495.0000
884.7598	1028.0000	7393.0000
883.7688	1004.0000	7337.0000
882.7778	1019.0000	7401.0000
881.7868	1056.0000	7377.0000
880.7958	1087.0000	7419.0000
879.8049	1012.0000	7440.0000
878.8139	1022.0000	7370.0000
877.8229	1043.0000	7316.0000
876.8320	1010.0000	7218.0000
875.8410	1026.0000	7413.0000
874.8500	998.0000	7353.0000
873.8591	980.0000	7148.0000
872.8681	1018.0000	7366.0000
871.8771	1026.0000	7317.0000
870.8862	1012.0000	7269.0000
869.8952	1031.0000	7256.0000
868.9042	1038.0000	7343.0000
867.9133	1030.0000	7346.0000
866.9223	1050.0000	7246.0000
865.9313	1020.0000	7247.0000
864.9404	1000.0000	7233.0000
863.9494	1015.0000	7292.0000
862.9584	993.0000	7252.0000
861.9675	1007.0000	7178.0000
860.9765	979.0000	7164.0000
859.9855	1013.0000	7312.0000
858.9946	1056.0000	7330.0000
858.0035	971.0000	7160.0000
857.0126	991.0000	7090.0000
856.0216	977.0000	7175.0000
855.0306	991.0000	7121.0000
854.0397	1021.0000	7268.0000
853.0487	1019.0000	7198.0000
852.0577	1041.0000	7195.0000
851.0668	963.0000	7217.0000
850.0758	1062.0000	7155.0000
849.0848	1048.0000	7304.0000
848.0939	1034.0000	7497.0000
847.1029	1044.0000	7379.0000
846.1119	1009.0000	7391.0000
845.1210	1076.0000	7494.0000
844.1300	1001.0000	7527.0000
843.1390	1063.0000	7702.0000
842.1481	1093.0000	7813.0000
841.1571	1090.0000	7963.0000
840.1661	1151.0000	8077.0000
839.1752	1142.0000	8038.0000
838.1842	1110.0000	7901.0000
837.1932	1107.0000	8006.0000
836.2023	1157.0000	8177.0000
835.2113	1199.0000	8453.0000
834.2203	1217.0000	8531.0000
833.2293	1187.0000	8465.0000
832.2383	1223.0000	8594.0000
831.2474	1195.0000	8552.0000
830.2564	1274.0000	8865.0000
829.2654	1232.0000	8794.0000
828.2745	1179.0000	8974.0000
827.2835	1237.0000	9059.0000
826.2925	1349.0000	9138.0000
825.3016	1272.0000	9088.0000
824.3106	1317.0000	9319.0000
823.3196	1371.0000	9577.0000
822.3287	1383.0000	9957.0000
821.3377	1440.0000	9843.0000
820.3467	1438.0000	10204.0000
819.3558	1442.0000	10263.0000
818.3648	1536.0000	10660.0000
817.3738	1519.0000	10982.0000
816.3829	1494.0000	11041.0000
815.3919	1637.0000	11471.0000
814.4009	1590.0000	11648.0000
813.4100	1647.0000	12006.0000
812.4190	1746.0000	12207.0000
811.4280	1694.0000	12225.0000
810.4371	1689.0000	12195.0000
809.4461	1739.0000	12470.0000
808.4551	1667.0000	12359.0000
807.4641	1749.0000	12484.0000
806.4731	1731.0000	12676.0000
805.4822	1781.0000	12668.0000
804.4912	1813.0000	12757.0000
803.5002	1854.0000	12851.0000
802.5093	1828.0000	13376.0000
801.5183	1736.0000	12775.0000
800.5273	1831.0000	12863.0000
799.5364	1771.0000	12774.0000
798.5454	1831.0000	12899.0000
797.5544	1739.0000	12876.0000
796.5635	1897.0000	13157.0000
795.5725	1850.0000	12854.0000
794.5815	1715.0000	12956.0000
793.5906	1837.0000	12880.0000
792.5996	1887.0000	13059.0000
791.6086	1804.0000	12870.0000
790.6177	1729.0000	13017.0000
789.6267	1805.0000	13008.0000
788.6357	1808.0000	13115.0000
787.6448	1829.0000	12988.0000
786.6538	1832.0000	13024.0000
785.6628	1824.0000	13038.0000
784.6719	1790.0000	12984.0000
783.6808	1810.0000	13120.0000
782.6899	1793.0000	13113.0000
781.6989	1781.0000	12918.0000
780.7079	1842.0000	13069.0000
779.7170	1779.0000	12991.0000
778.7260	1830.0000	13159.0000
777.7350	1849.0000	13041.0000
776.7441	1797.0000	12986.0000
775.7531	1782.0000	12986.0000
774.7621	1818.0000	13109.0000
773.7712	1796.0000	12853.0000
772.7802	1867.0000	13110.0000
771.7892	1889.0000	13144.0000
770.7983	1801.0000	12969.0000
769.8073	1796.0000	13133.0000
768.8163	1835.0000	13078.0000
767.8254	1862.0000	12876.0000
766.8344	1847.0000	13032.0000
765.8434	1805.0000	13090.0000
764.8525	1797.0000	13077.0000
763.8615	1798.0000	12888.0000
762.8705	1809.0000	12824.0000
761.8796	1816.0000	13094.0000
760.8886	1858.0000	12912.0000
759.8976	1737.0000	12998.0000
758.9066	1763.0000	12915.0000
757.9156	1802.0000	12872.0000
756.9247	1783.0000	12869.0000
755.9337	1815.0000	12934.0000
754.9427	1848.0000	12947.0000
753.9518	1784.0000	12895.0000
752.9608	1778.0000	12897.0000
751.9698	1843.0000	12989.0000
750.9789	1844.0000	12878.0000
749.9879	1775.0000	12758.0000
748.9969	1792.0000	12909.0000
748.0060	1809.0000	12811.0000
747.0150	1874.0000	13005.0000
746.0240	1782.0000	12860.0000
745.0331	1853.0000	12990.0000
744.0421	1785.0000	12766.0000
743.0511	1796.0000	12780.0000
742.0602	1803.0000	12671.0000
741.0692	1851.0000	13072.0000
740.0782	1741.0000	12690.0000
739.0873	1727.0000	12736.0000
738.0963	1795.0000	12642.0000
737.1053	1796.0000	12942.0000
736.1144	1798.0000	12770.0000
735.1234	1879.0000	13013.0000
734.1324	1808.0000	12693.0000
733.1414	1792.0000	12767.0000
732.1505	1774.0000	12783.0000
731.1595	1762.0000	12703.0000
730.1685	1745.0000	12867.0000
729.1776	1828.0000	12879.0000
728.1866	1814.0000	12961.0000
727.1956	1833.0000	12870.0000
726.2047	1834.0000	13010.0000
725.2137	1870.0000	13109.0000
724.2227	1892.0000	13234.0000
723.2318	1818.0000	13026.0000
722.2408	1815.0000	13039.0000
721.2498	1865.0000	12982.0000
720.2589	1838.0000	13193.0000
719.2679	1852.0000	13029.0000
718.2769	1849.0000	13036.0000
717.2859	1804.0000	13169.0000
716.2950	1827.0000	12974.0000
715.3040	1771.0000	13086.0000
714.3130	1867.0000	13295.0000
713.3221	1802.0000	13277.0000
712.3311	1834.0000	13089.0000
711.3401	1850.0000	13387.0000
710.3492	1874.0000	13304.0000
709.3582	1806.0000	13421.0000
708.3672	1864.0000	13293.0000
707.3762	1896.0000	13456.0000
706.3853	1862.0000	13479.0000
705.3943	1916.0000	13362.0000
704.4033	1880.0000	13378.0000
703.4124	1927.0000	13493.0000
702.4214	1968.0000	13700.0000
701.4304	1937.0000	13754.0000
700.4395	1900.0000	13812.0000
699.4485	1988.0000	14076.0000
698.4575	1952.0000	14181.0000
697.4666	1991.0000	14211.0000
696.4756	2004.0000	14021.0000
695.4846	2025.0000	14142.0000
694.4937	1989.0000	14126.0000
693.5027	1970.0000	13919.0000
692.5117	1957.0000	13923.0000
691.5208	1954.0000	14190.0000
690.5298	1995.0000	14344.0000
689.5388	2050.0000	14413.0000
688.5479	1996.0000	14210.0000
687.5569	1986.0000	14340.0000
686.5659	2040.0000	14520.0000
685.5750	2028.0000	14489.0000
684.5839	2068.0000	14405.0000
683.5930	2002.0000	14299.0000
682.6020	2081.0000	14466.0000
681.6110	2109.0000	14753.0000
680.6201	2026.0000	14538.0000
679.6291	2059.0000	14566.0000
678.6381	2115.0000	14421.0000
677.6472	2021.0000	14656.0000
676.6562	2077.0000	14531.0000
675.6652	2086.0000	14548.0000
674.6743	2067.0000	14749.0000
673.6833	2022.0000	14638.0000
672.6923	2028.0000	14729.0000
671.7014	2094.0000	14810.0000
670.7104	2091.0000	14801.0000
669.7194	2063.0000	14589.0000
668.7285	2046.0000	14785.0000
667.7375	2005.0000	14875.0000
666.7465	2087.0000	14710.0000
665.7556	2120.0000	14893.0000
664.7646	2085.0000	14795.0000
663.7736	2103.0000	14918.0000
662.7827	2034.0000	14965.0000
661.7917	2070.0000	14934.0000
660.8007	2130.0000	15094.0000
659.8098	2114.0000	15233.0000
658.8187	2074.0000	15082.0000
657.8278	2127.0000	15053.0000
656.8368	2200.0000	15191.0000
655.8458	2110.0000	15193.0000
654.8549	2081.0000	15065.0000
653.8639	2097.0000	14923.0000
652.8729	2135.0000	15057.0000
651.8820	2127.0000	15108.0000
650.8910	2103.0000	15089.0000
649.9000	2149.0000	15170.0000
648.9091	2060.0000	15182.0000
647.9181	2085.0000	15212.0000
646.9271	2144.0000	15126.0000
645.9362	2113.0000	15125.0000
644.9452	2133.0000	15303.0000
643.9542	2127.0000	15146.0000
642.9633	2168.0000	15462.0000
641.9723	2120.0000	15198.0000
640.9813	2100.0000	15092.0000
639.9904	2119.0000	15054.0000
638.9994	2145.0000	15331.0000
638.0084	2166.0000	15311.0000
637.0175	2023.0000	15049.0000
636.0265	2195.0000	15316.0000
635.0355	2181.0000	14983.0000
634.0445	2137.0000	15210.0000
633.0535	2182.0000	15361.0000
632.0626	2050.0000	15186.0000
631.0716	2164.0000	15433.0000
630.0806	2158.0000	15311.0000
629.0897	2143.0000	15005.0000
628.0987	2175.0000	15238.0000
627.1077	2191.0000	15133.0000
626.1168	2078.0000	15195.0000
625.1258	2205.0000	15439.0000
624.1348	2128.0000	15228.0000
623.1439	2079.0000	15393.0000
622.1529	2149.0000	15331.0000
621.1619	2082.0000	15251.0000
620.1710	2129.0000	15176.0000
619.1800	2206.0000	15568.0000
618.1890	2146.0000	15329.0000
617.1981	2033.0000	15112.0000
616.2071	2155.0000	15396.0000
615.2161	2144.0000	15289.0000
614.2252	2144.0000	15273.0000
613.2342	2192.0000	15360.0000
612.2432	2104.0000	15264.0000
611.2523	2117.0000	15271.0000
610.2613	2229.0000	15418.0000
609.2703	2132.0000	15474.0000
608.2793	2142.0000	15486.0000
607.2883	2237.0000	15500.0000
606.2974	2162.0000	15447.0000
605.3064	2125.0000	15474.0000
604.3154	2195.0000	15612.0000
603.3245	2246.0000	15619.0000
602.3335	2240.0000	15594.0000
601.3425	2164.0000	15609.0000
600.3516	2247.0000	15804.0000
599.3606	2192.0000	15617.0000
598.3696	2225.0000	15584.0000
597.3787	2218.0000	15819.0000
596.3877	2223.0000	15908.0000
595.3967	2229.0000	15946.0000
594.4058	2253.0000	15831.0000
593.4148	2201.0000	15870.0000
592.4238	2288.0000	15900.0000
591.4329	2228.0000	15797.0000
590.4419	2194.0000	15882.0000
589.4509	2239.0000	16020.0000
588.4600	2174.0000	15892.0000
587.4690	2211.0000	15897.0000
586.4780	2196.0000	15679.0000
585.4871	2253.0000	16081.0000
584.4960	2281.0000	15831.0000
583.5051	2252.0000	15813.0000
582.5141	2245.0000	15926.0000
581.5231	2203.0000	15836.0000
580.5322	2233.0000	15922.0000
579.5412	2237.0000	15991.0000
578.5502	2250.0000	16055.0000
577.5593	2236.0000	15964.0000
576.5683	2206.0000	15971.0000
575.5773	2170.0000	15858.0000
574.5864	2307.0000	15953.0000
573.5954	2224.0000	15944.0000
572.6044	2208.0000	15832.0000
571.6135	2216.0000	15807.0000
570.6225	2212.0000	15951.0000
569.6315	2245.0000	15888.0000
568.6406	2296.0000	15948.0000
567.6496	2280.0000	16202.0000
566.6586	2273.0000	16173.0000
565.6677	2263.0000	16085.0000
564.6767	2199.0000	16014.0000
563.6857	2284.0000	16202.0000
562.6948	2277.0000	15947.0000
561.7038	2171.0000	15900.0000
560.7128	2209.0000	15990.0000
559.7218	2272.0000	16208.0000
558.7308	2311.0000	16040.0000
557.7399	2269.0000	16076.0000
556.7489	2276.0000	16193.0000
555.7579	2258.0000	16150.0000
554.7670	2280.0000	15942.0000
553.7760	2227.0000	16101.0000
552.7850	2198.0000	15850.0000
551.7941	2315.0000	16230.0000
550.8031	2197.0000	15884.0000
549.8121	2285.0000	16219.0000
548.8212	2160.0000	16284.0000
547.8302	2269.0000	16204.0000
546.8392	2247.0000	16337.0000
545.8483	2338.0000	16246.0000
544.8573	2315.0000	16299.0000
543.8663	2308.0000	16159.0000
542.8754	2262.0000	16244.0000
541.8844	2236.0000	16209.0000
540.8934	2245.0000	16206.0000
539.9025	2304.0000	15946.0000
538.9115	2301.0000	16357.0000
537.9205	2320.0000	16178.0000
536.9296	2316.0000	16246.0000
535.9386	2295.0000	16302.0000
534.9476	2297.0000	16283.0000
533.9566	2214.0000	16275.0000
532.9656	2259.0000	16267.0000
531.9747	2251.0000	16259.0000
530.9837	2249.0000	16324.0000
529.9927	2215.0000	16186.0000
529.0018	2249.0000	16154.0000
528.0108	2290.0000	16147.0000
527.0198	2281.0000	16318.0000
526.0289	2217.0000	16373.0000
525.0379	2388.0000	16493.0000
524.0469	2343.0000	16462.0000
523.0560	2291.0000	16690.0000
522.0650	2322.0000	16762.0000
521.0740	2436.0000	16912.0000
520.0831	2410.0000	16783.0000
519.0921	2337.0000	16963.0000
518.1011	2498.0000	17627.0000
517.1102	2593.0000	18274.0000
516.1192	2666.0000	18677.0000
515.1282	2654.0000	18773.0000
514.1373	2499.0000	18227.0000
513.1463	2513.0000	17864.0000
512.1553	2515.0000	17616.0000
511.1643	2426.0000	17216.0000
510.1734	2365.0000	17212.0000
509.1824	2427.0000	17070.0000
508.1914	2406.0000	17149.0000
507.2005	2505.0000	17124.0000
506.2095	2434.0000	17204.0000
505.2185	2398.0000	17090.0000
504.2275	2388.0000	17314.0000
503.2366	2438.0000	17263.0000
502.2456	2433.0000	17273.0000
501.2546	2399.0000	17098.0000
500.2637	2463.0000	17392.0000
499.2727	2384.0000	17163.0000
498.2817	2354.0000	17291.0000
497.2908	2543.0000	17401.0000
496.2998	2529.0000	17800.0000
495.3088	2442.0000	17703.0000
494.3179	2388.0000	17359.0000
493.3269	2525.0000	17868.0000
492.3359	2457.0000	17484.0000
491.3449	2569.0000	17736.0000
490.3540	2441.0000	17496.0000
489.3630	2547.0000	17633.0000
488.3720	2457.0000	17559.0000
487.3811	2378.0000	17408.0000
486.3901	2442.0000	17509.0000
485.3991	2406.0000	17458.0000
484.4082	2543.0000	17545.0000
483.4172	2445.0000	17710.0000
482.4262	2463.0000	17546.0000
481.4353	2485.0000	17632.0000
480.4443	2455.0000	17740.0000
479.4533	2426.0000	17587.0000
478.4623	2478.0000	17561.0000
477.4714	2454.0000	17818.0000
476.4804	2555.0000	17683.0000
475.4894	2496.0000	17686.0000
474.4985	2464.0000	17750.0000
473.5075	2515.0000	17710.0000
472.5165	2488.0000	17717.0000
471.5256	2423.0000	17652.0000
470.5346	2458.0000	17535.0000
469.5436	2441.0000	17643.0000
468.5527	2501.0000	17656.0000
467.5617	2449.0000	17774.0000
466.5707	2442.0000	17687.0000
465.5797	2460.0000	17545.0000
464.5888	2433.0000	17671.0000
463.5978	2459.0000	17727.0000
462.6068	2499.0000	17983.0000
461.6159	2460.0000	17634.0000
460.6249	2491.0000	17669.0000
459.6339	2433.0000	17603.0000
458.6430	2485.0000	17776.0000
457.6520	2463.0000	17819.0000
456.6610	2528.0000	17764.0000
455.6701	2457.0000	17830.0000
454.6791	2474.0000	17531.0000
453.6881	2448.0000	17862.0000
452.6971	2540.0000	18001.0000
451.7062	2522.0000	17982.0000
450.7152	2522.0000	17800.0000
449.7242	2469.0000	17625.0000
448.7333	2500.0000	17997.0000
447.7423	2470.0000	17823.0000
446.7513	2532.0000	17940.0000
445.7604	2433.0000	17962.0000
444.7694	2466.0000	18013.0000
443.7784	2457.0000	17844.0000
442.7875	2554.0000	18154.0000
441.7965	2484.0000	17848.0000
440.8055	2459.0000	17843.0000
439.8145	2555.0000	18049.0000
438.8236	2439.0000	17713.0000
437.8326	2471.0000	17925.0000
436.8416	2427.0000	17822.0000
435.8507	2478.0000	17916.0000
434.8597	2512.0000	18189.0000
433.8687	2519.0000	18612.0000
432.8778	2554.0000	18050.0000
431.8868	2531.0000	18143.0000
430.8958	2472.0000	18097.0000
429.9049	2461.0000	18217.0000
428.9139	2598.0000	18105.0000
427.9229	2530.0000	18126.0000
426.9319	2559.0000	18222.0000
425.9410	2511.0000	18257.0000
424.9500	2627.0000	18417.0000
423.9590	2688.0000	18319.0000
422.9681	2595.0000	18702.0000
421.9771	2645.0000	18896.0000
420.9861	2622.0000	19068.0000
419.9952	2789.0000	19343.0000
419.0042	2758.0000	19754.0000
418.0132	2785.0000	19948.0000
417.0222	2844.0000	20012.0000
416.0313	2820.0000	20169.0000
415.0403	2870.0000	20664.0000
414.0493	2988.0000	21178.0000
413.0584	3118.0000	22243.0000
412.0674	3302.0000	23774.0000
411.0764	3596.0000	25319.0000
410.0855	3545.0000	25493.0000
409.0945	3886.0000	27520.0000
408.1035	4005.0000	28706.0000
407.1126	3932.0000	27871.0000
406.1216	3611.0000	25700.0000
405.1306	3672.0000	25791.0000
404.1396	3214.0000	23272.0000
403.1487	3083.0000	22183.0000
402.1577	3148.0000	22373.0000
401.1667	3113.0000	22542.0000
400.1758	3138.0000	22558.0000
399.1848	3144.0000	22686.0000
398.1938	3220.0000	22723.0000
397.2029	3247.0000	23054.0000
396.2119	3159.0000	22879.0000
395.2209	3190.0000	23404.0000
394.2300	3289.0000	23384.0000
393.2390	3304.0000	23652.0000
392.2480	3361.0000	23893.0000
391.2570	3279.0000	23891.0000
390.2661	3397.0000	24076.0000
389.2751	3359.0000	24051.0000
388.2841	3404.0000	24248.0000
387.2932	3434.0000	24719.0000
386.3022	3512.0000	25183.0000
385.3112	3676.0000	25934.0000
384.3203	3695.0000	26536.0000
383.3293	3815.0000	26573.0000
382.3383	3871.0000	27702.0000
381.3474	4093.0000	28438.0000
380.3564	3939.0000	28165.0000
379.3654	3834.0000	27371.0000
378.3745	3781.0000	27051.0000
377.3835	3760.0000	27020.0000
376.3925	3628.0000	26491.0000
375.4016	3571.0000	25762.0000
374.4106	3653.0000	25644.0000
373.4196	3548.0000	25654.0000
372.4286	3602.0000	25610.0000
371.4377	3675.0000	25849.0000
370.4467	3571.0000	25789.0000
369.4557	3635.0000	25733.0000
368.4648	3730.0000	25787.0000
367.4738	3707.0000	25978.0000
366.4828	3697.0000	25855.0000
365.4919	3656.0000	25953.0000
364.5009	3625.0000	26091.0000
363.5099	3744.0000	25885.0000
362.5190	3604.0000	26058.0000
361.5280	3672.0000	25738.0000
360.5370	3733.0000	26061.0000
359.5461	3661.0000	25837.0000
358.5551	3702.0000	26058.0000
357.5641	3662.0000	26072.0000
356.5732	3651.0000	26196.0000
355.5822	3737.0000	25964.0000
354.5912	3629.0000	25950.0000
353.6002	3581.0000	25854.0000
352.6093	3654.0000	26129.0000
351.6183	3684.0000	26092.0000
350.6273	3662.0000	26001.0000
349.6364	3685.0000	26276.0000
348.6454	3733.0000	26084.0000
347.6544	3749.0000	26043.0000
346.6635	3669.0000	26003.0000
345.6725	3734.0000	26164.0000
344.6815	3662.0000	26144.0000
343.6906	3730.0000	26339.0000
342.6996	3693.0000	26122.0000
341.7086	3752.0000	26131.0000
340.7176	3748.0000	26312.0000
339.7267	3646.0000	26070.0000
338.7357	3679.0000	26146.0000
337.7447	3686.0000	26142.0000
336.7538	3615.0000	26154.0000
335.7628	3632.0000	26089.0000
334.7718	3641.0000	26160.0000
333.7809	3750.0000	26355.0000
332.7899	3696.0000	26227.0000
331.7989	3723.0000	26353.0000
330.8080	3726.0000	26436.0000
329.8170	3717.0000	26240.0000
328.8260	3664.0000	26290.0000
327.8350	3766.0000	26505.0000
326.8441	3685.0000	26282.0000
325.8531	3722.0000	26347.0000
324.8621	3738.0000	26536.0000
323.8712	3763.0000	26619.0000
322.8802	3758.0000	26477.0000
321.8892	3720.0000	26547.0000
320.8983	3792.0000	26635.0000
319.9073	3726.0000	26484.0000
318.9163	3783.0000	26472.0000
317.9253	3708.0000	26313.0000
316.9344	3709.0000	26400.0000
315.9434	3689.0000	26566.0000
314.9524	3706.0000	26372.0000
313.9615	3709.0000	26659.0000
312.9705	3707.0000	26440.0000
311.9795	3697.0000	26529.0000
310.9886	3705.0000	26578.0000
309.9976	3738.0000	26463.0000
309.0066	3614.0000	26497.0000
308.0157	3769.0000	26705.0000
307.0247	3761.0000	26654.0000
306.0337	3747.0000	26661.0000
305.0427	3847.0000	26673.0000
304.0518	3776.0000	26671.0000
303.0608	3745.0000	26661.0000
302.0698	3743.0000	26538.0000
301.0789	3810.0000	26719.0000
300.0879	3723.0000	26761.0000
299.0969	3709.0000	26618.0000
298.1060	3783.0000	26838.0000
297.1150	3733.0000	26730.0000
296.1240	3752.0000	26766.0000
295.1331	3762.0000	26554.0000
294.1421	3878.0000	26944.0000
293.1511	3734.0000	26714.0000
292.1601	3747.0000	26824.0000
291.1692	3806.0000	26837.0000
290.1782	3684.0000	26785.0000
289.1872	3773.0000	26796.0000
288.1963	3796.0000	26822.0000
287.2053	3805.0000	27079.0000
286.2143	3820.0000	27006.0000
285.2234	3768.0000	26770.0000
284.2324	3804.0000	26929.0000
283.2414	3751.0000	26842.0000
282.2505	3814.0000	27129.0000
281.2595	3811.0000	27071.0000
280.2685	3822.0000	27112.0000
279.2775	3812.0000	27226.0000
278.2866	3783.0000	27057.0000
277.2956	3929.0000	27369.0000
276.3046	3790.0000	27181.0000
275.3137	3896.0000	27276.0000
274.3227	3973.0000	27504.0000
273.3317	3937.0000	27601.0000
272.3408	3928.0000	27645.0000
271.3498	3834.0000	27516.0000
270.3588	3876.0000	27600.0000
269.3679	3919.0000	27730.0000
268.3769	3930.0000	27824.0000
267.3859	3925.0000	27823.0000
266.3949	3969.0000	27815.0000
265.4040	3938.0000	27729.0000
264.4130	3965.0000	27935.0000
263.4220	3986.0000	27863.0000
262.4311	3948.0000	28016.0000
261.4401	3925.0000	27738.0000
260.4491	3915.0000	27848.0000
259.4582	3983.0000	27921.0000
258.4672	3966.0000	27678.0000
257.4762	3973.0000	27768.0000
256.4853	3932.0000	27888.0000
255.4943	3953.0000	27780.0000
254.5033	3920.0000	27869.0000
253.5123	3923.0000	27735.0000
252.5214	3895.0000	27925.0000
251.5304	3949.0000	27857.0000
250.5394	3955.0000	27867.0000
249.5485	3885.0000	27841.0000
248.5575	3893.0000	27693.0000
247.5665	3939.0000	28104.0000
246.5755	3996.0000	27858.0000
245.5846	3951.0000	28032.0000
244.5936	4016.0000	28084.0000
243.6026	3916.0000	27942.0000
242.6117	3976.0000	28101.0000
241.6207	3947.0000	28053.0000
240.6297	3931.0000	28016.0000
239.6388	4074.0000	28065.0000
238.6478	3977.0000	28169.0000
237.6568	3941.0000	27994.0000
236.6659	3972.0000	27889.0000
235.6749	3990.0000	28034.0000
234.6839	4009.0000	28028.0000
233.6929	3924.0000	27954.0000
232.7020	3981.0000	28312.0000
231.7110	4024.0000	28092.0000
230.7200	4006.0000	28126.0000
229.7291	4015.0000	28260.0000
228.7381	4035.0000	28274.0000
227.7471	3961.0000	28326.0000
226.7562	4089.0000	28426.0000
225.7652	3985.0000	28315.0000
224.7742	3981.0000	28490.0000
223.7833	4003.0000	28343.0000
222.7923	4006.0000	28360.0000
221.8013	4119.0000	28565.0000
220.8103	3985.0000	28458.0000
219.8194	4086.0000	28295.0000
218.8284	3954.0000	28482.0000
217.8374	4066.0000	28609.0000
216.8465	4054.0000	28652.0000
215.8555	4087.0000	28697.0000
214.8645	4089.0000	28627.0000
213.8736	4047.0000	28559.0000
212.8826	4056.0000	28426.0000
211.8916	4062.0000	28460.0000
210.9007	4105.0000	28636.0000
209.9097	4044.0000	28628.0000
208.9187	4046.0000	28744.0000
207.9277	4020.0000	28664.0000
206.9368	4112.0000	28657.0000
205.9458	4128.0000	28864.0000
204.9548	3964.0000	28604.0000
203.9639	4044.0000	28578.0000
202.9729	4116.0000	28720.0000
201.9819	3977.0000	28671.0000
200.9910	4036.0000	28980.0000
