1289.8400	77.0000	89.0000
1288.8491	4.0000	13.0000
1287.8582	5.0000	16.0000
1286.8673	8.0000	14.0000
1285.8763	12.0000	24.0000
1284.8855	7.0000	15.0000
1283.8947	10.0000	19.0000
1282.9037	9.0000	14.0000
1281.9128	4.0000	10.0000
1280.9219	11.0000	18.0000
1279.9310	10.0000	15.0000
1278.9401	5.0000	13.0000
1277.9492	6.0000	18.0000
1276.9583	9.0000	20.0000
1275.9674	14.0000	23.0000
1274.9764	9.0000	17.0000
1273.9856	8.0000	14.0000
1272.9948	7.0000	18.0000
1272.0038	9.0000	25.0000
1271.0129	16.0000	23.0000
1270.0220	10.0000	23.0000
1269.0311	13.0000	22.0000
1268.0402	5.0000	16.0000
1267.0493	14.0000	26.0000
1266.0583	6.0000	25.0000
1265.0675	13.0000	27.0000
1264.0767	16.0000	28.0000
1263.0857	11.0000	25.0000
1262.0948	15.0000	26.0000
1261.1039	13.0000	25.0000
1260.1130	16.0000	28.0000
1259.1221	13.0000	25.0000
1258.1312	4.0000	16.0000
1257.1403	22.0000	36.0000
1256.1494	17.0000	32.0000
1255.1584	14.0000	25.0000
1254.1676	19.0000	38.0000
1253.1768	12.0000	29.0000
1252.1858	20.0000	42.0000
1251.1949	22.0000	38.0000
1250.2040	9.0000	30.0000
1249.2131	15.0000	31.0000
1248.2222	14.0000	34.0000
1247.2313	26.0000	48.0000
1246.2404	29.0000	55.0000
1245.2495	24.0000	50.0000
1244.2585	39.0000	75.0000
1243.2677	25.0000	74.0000
1242.2769	20.0000	54.0000
1241.2859	33.0000	61.0000
1240.2950	27.0000	54.0000
1239.3041	27.0000	57.0000
1238.3132	33.0000	63.0000
1237.3223	27.0000	54.0000
1236.3314	30.0000	54.0000
1235.3405	31.0000	64.0000
1234.3496	29.0000	55.0000
1233.3586	32.0000	73.0000
1232.3678	36.0000	70.0000
1231.3770	38.0000	85.0000
1230.3860	35.0000	82.0000
1229.3951	46.0000	88.0000
1228.4042	48.0000	95.0000
1227.4133	48.0000	85.0000
1226.4224	42.0000	82.0000
1225.4315	45.0000	88.0000
1224.4406	45.0000	85.0000
1223.4497	36.0000	72.0000
1222.4587	35.0000	74.0000
1221.4679	43.0000	77.0000
1220.4771	39.0000	76.0000
1219.4861	44.0000	86.0000
1218.4952	36.0000	81.0000
1217.5043	38.0000	78.0000
1216.5134	43.0000	96.0000
1215.5225	34.0000	85.0000
1214.5316	50.0000	96.0000
1213.5406	39.0000	79.0000
1212.5498	50.0000	99.0000
1211.5590	37.0000	78.0000
1210.5680	46.0000	92.0000
1209.5771	36.0000	77.0000
1208.5862	58.0000	105.0000
1207.5953	39.0000	101.0000
1206.6044	53.0000	109.0000
1205.6135	54.0000	104.0000
1204.6226	53.0000	98.0000
1203.6317	36.0000	90.0000
1202.6407	46.0000	95.0000
1201.6499	63.0000	127.0000
1200.6591	51.0000	96.0000
1199.6681	62.0000	129.0000
1198.6772	63.0000	115.0000
1197.6863	67.0000	128.0000
1196.6954	62.0000	119.0000
1195.7045	70.0000	123.0000
1194.7136	70.0000	129.0000
1193.7227	60.0000	133.0000
1192.7318	59.0000	114.0000
1191.7408	52.0000	121.0000
1190.7500	57.0000	125.0000
1189.7592	75.0000	136.0000
1188.7682	68.0000	134.0000
1187.7773	58.0000	128.0000
1186.7864	67.0000	130.0000
1185.7955	52.0000	118.0000
1184.8046	65.0000	131.0000
1183.8137	67.0000	121.0000
1182.8228	56.0000	118.0000
1181.8319	53.0000	107.0000
1180.8409	84.0000	154.0000
1179.8501	83.0000	145.0000
1178.8593	72.0000	127.0000
1177.8683	64.0000	127.0000
1176.8774	74.0000	137.0000
1175.8865	70.0000	132.0000
1174.8956	73.0000	150.0000
1173.9047	74.0000	125.0000
1172.9138	67.0000	137.0000
1171.9229	68.0000	135.0000
1170.9320	76.0000	145.0000
1169.9410	71.0000	138.0000
1168.9502	72.0000	144.0000
1167.9594	56.0000	147.0000
1166.9684	83.0000	161.0000
1165.9775	81.0000	161.0000
1164.9866	64.0000	131.0000
1163.9957	70.0000	155.0000
1163.0048	80.0000	145.0000
1162.0139	96.0000	164.0000
1161.0229	84.0000	159.0000
1160.0321	68.0000	129.0000
1159.0413	81.0000	155.0000
1158.0503	64.0000	127.0000
1157.0594	75.0000	143.0000
1156.0685	78.0000	164.0000
1155.0776	82.0000	165.0000
1154.0867	94.0000	166.0000
1153.0958	93.0000	165.0000
1152.1049	77.0000	169.0000
1151.1140	80.0000	169.0000
1150.1230	81.0000	163.0000
1149.1322	101.0000	193.0000
1148.1414	64.0000	123.0000
1147.1504	70.0000	160.0000
1146.1595	86.0000	175.0000
1145.1686	72.0000	148.0000
1144.1777	71.0000	145.0000
1143.1868	107.0000	194.0000
1142.1959	65.0000	147.0000
1141.2050	76.0000	165.0000
1140.2141	79.0000	163.0000
1139.2231	91.0000	172.0000
1138.2323	99.0000	191.0000
1137.2415	92.0000	174.0000
1136.2505	102.0000	175.0000
1135.2596	73.0000	154.0000
1134.2687	78.0000	168.0000
1133.2778	89.0000	187.0000
1132.2869	88.0000	179.0000
1131.2960	104.0000	180.0000
1130.3051	111.0000	219.0000
1129.3142	123.0000	239.0000
1128.3232	108.0000	232.0000
1127.3324	133.0000	234.0000
1126.3416	130.0000	236.0000
1125.3506	174.0000	315.0000
1124.3597	130.0000	286.0000
1123.3688	184.0000	351.0000
1122.3779	212.0000	435.0000
1121.3870	202.0000	432.0000
1120.3961	248.0000	501.0000
1119.4052	270.0000	539.0000
1118.4143	252.0000	509.0000
1117.4233	260.0000	516.0000
1116.4325	276.0000	503.0000
1115.4417	225.0000	457.0000
1114.4507	215.0000	457.0000
1113.4598	210.0000	410.0000
1112.4689	191.0000	387.0000
1111.4780	171.0000	338.0000
1110.4871	170.0000	340.0000
1109.4962	174.0000	331.0000
1108.5052	170.0000	349.0000
1107.5144	164.0000	302.0000
1106.5236	180.0000	341.0000
1105.5326	173.0000	338.0000
1104.5417	154.0000	325.0000
1103.5508	168.0000	331.0000
1102.5599	191.0000	370.0000
1101.5690	174.0000	368.0000
1100.5781	200.0000	388.0000
1099.5872	176.0000	357.0000
1098.5963	189.0000	383.0000
1097.6053	188.0000	374.0000
1096.6145	194.0000	374.0000
1095.6237	206.0000	403.0000
1094.6327	186.0000	392.0000
1093.6418	210.0000	423.0000
1092.6509	217.0000	412.0000
1091.6600	214.0000	419.0000
1090.6691	194.0000	408.0000
1089.6782	193.0000	424.0000
1088.6873	187.0000	403.0000
1087.6964	203.0000	380.0000
1086.7054	204.0000	404.0000
1085.7146	179.0000	381.0000
1084.7238	197.0000	383.0000
1083.7328	208.0000	428.0000
1082.7419	220.0000	400.0000
1081.7510	181.0000	399.0000
1080.7601	158.0000	369.0000
1079.7692	189.0000	375.0000
1078.7783	195.0000	406.0000
1077.7874	193.0000	406.0000
1076.7965	196.0000	378.0000
1075.8055	197.0000	420.0000
1074.8147	176.0000	365.0000
1073.8239	209.0000	413.0000
1072.8329	204.0000	415.0000
1071.8420	185.0000	426.0000
1070.8511	210.0000	428.0000
1069.8602	181.0000	389.0000
1068.8693	194.0000	415.0000
1067.8784	225.0000	424.0000
1066.8875	187.0000	413.0000
1065.8966	208.0000	392.0000
1064.9056	212.0000	431.0000
1063.9148	237.0000	449.0000
1062.9240	176.0000	402.0000
1061.9330	235.0000	448.0000
1060.9421	219.0000	392.0000
1059.9512	195.0000	411.0000
1058.9603	180.0000	392.0000
1057.9694	214.0000	395.0000
1056.9785	205.0000	413.0000
1055.9875	210.0000	408.0000
1054.9967	193.0000	379.0000
1054.0059	207.0000	411.0000
1053.0149	197.0000	396.0000
1052.0240	187.0000	408.0000
1051.0331	222.0000	413.0000
1050.0422	215.0000	402.0000
1049.0513	199.0000	385.0000
1048.0604	198.0000	385.0000
1047.0695	179.0000	389.0000
1046.0786	214.0000	400.0000
1045.0876	219.0000	429.0000
1044.0968	210.0000	415.0000
1043.1060	199.0000	406.0000
1042.1150	217.0000	430.0000
1041.1241	188.0000	385.0000
1040.1332	207.0000	419.0000
1039.1423	189.0000	365.0000
1038.1514	200.0000	410.0000
1037.1605	230.0000	440.0000
1036.1696	188.0000	397.0000
1035.1787	217.0000	438.0000
1034.1877	221.0000	458.0000
1033.1969	202.0000	410.0000
1032.2061	210.0000	428.0000
1031.2151	208.0000	394.0000
1030.2242	195.0000	403.0000
1029.2333	220.0000	428.0000
1028.2424	210.0000	382.0000
1027.2515	205.0000	387.0000
1026.2606	223.0000	390.0000
1025.2697	182.0000	377.0000
1024.2788	217.0000	408.0000
1023.2879	182.0000	373.0000
1022.2970	193.0000	389.0000
1021.3061	208.0000	405.0000
1020.3152	201.0000	418.0000
1019.3243	178.0000	376.0000
1018.3334	202.0000	402.0000
1017.3425	213.0000	393.0000
1016.3516	220.0000	400.0000
1015.3607	217.0000	436.0000
1014.3698	228.0000	428.0000
1013.3789	202.0000	427.0000
1012.3880	227.0000	445.0000
1011.3971	239.0000	433.0000
1010.4062	216.0000	416.0000
1009.4153	213.0000	441.0000
1008.4244	207.0000	403.0000
1007.4335	225.0000	438.0000
1006.4426	215.0000	457.0000
1005.4517	249.0000	519.0000
1004.4608	250.0000	540.0000
1003.4699	277.0000	557.0000
1002.4790	298.0000	574.0000
1001.4881	276.0000	544.0000
1000.4972	292.0000	547.0000
999.5063	245.0000	496.0000
998.5154	201.0000	442.0000
997.5245	234.0000	472.0000
996.5336	218.0000	427.0000
995.5427	254.0000	487.0000
994.5518	239.0000	464.0000
993.5609	232.0000	478.0000
992.5700	216.0000	461.0000
991.5791	253.0000	493.0000
990.5882	239.0000	439.0000
989.5973	228.0000	444.0000
988.6064	231.0000	470.0000
987.6155	244.0000	456.0000
986.6246	221.0000	487.0000
985.6337	257.0000	502.0000
984.6428	242.0000	473.0000
983.6519	247.0000	512.0000
982.6610	253.0000	471.0000
981.6701	275.0000	534.0000
980.6792	250.0000	503.0000
979.6883	237.0000	467.0000
978.6974	257.0000	508.0000
977.7065	274.0000	524.0000
976.7156	261.0000	509.0000
975.7247	260.0000	521.0000
974.7338	274.0000	530.0000
973.7429	270.0000	547.0000
972.7520	269.0000	533.0000
971.7611	289.0000	564.0000
970.7702	299.0000	556.0000
969.7793	309.0000	583.0000
968.7884	379.0000	746.0000
967.7975	445.0000	909.0000
966.8066	429.0000	841.0000
965.8157	313.0000	649.0000
964.8248	300.0000	608.0000
963.8339	316.0000	682.0000
962.8430	279.0000	608.0000
961.8521	303.0000	630.0000
960.8612	332.0000	620.0000
959.8703	286.0000	593.0000
958.8794	344.0000	665.0000
957.8885	323.0000	644.0000
956.8976	322.0000	643.0000
955.9067	344.0000	662.0000
954.9158	337.0000	660.0000
953.9249	341.0000	667.0000
952.9340	347.0000	684.0000
951.9431	301.0000	621.0000
950.9522	317.0000	630.0000
949.9613	337.0000	674.0000
948.9704	349.0000	674.0000
947.9795	338.0000	714.0000
946.9886	355.0000	731.0000
945.9977	345.0000	706.0000
945.0068	393.0000	773.0000
944.0159	400.0000	777.0000
943.0250	370.0000	762.0000
942.0341	395.0000	866.0000
941.0432	393.0000	824.0000
940.0523	435.0000	881.0000
939.0614	424.0000	844.0000
938.0705	421.0000	826.0000
937.0796	463.0000	880.0000
936.0887	440.0000	832.0000
935.0978	424.0000	818.0000
934.1069	416.0000	835.0000
933.1160	421.0000	840.0000
932.1251	401.0000	797.0000
931.1342	438.0000	859.0000
930.1433	448.0000	880.0000
929.1524	443.0000	837.0000
928.1615	450.0000	903.0000
927.1706	445.0000	876.0000
926.1797	474.0000	953.0000
925.1888	445.0000	970.0000
924.1979	484.0000	945.0000
923.2070	507.0000	997.0000
922.2161	496.0000	969.0000
921.2252	471.0000	1020.0000
920.2343	455.0000	914.0000
919.2434	456.0000	926.0000
918.2525	446.0000	910.0000
917.2616	432.0000	903.0000
916.2707	419.0000	856.0000
915.2798	453.0000	923.0000
914.2889	443.0000	903.0000
913.2980	408.0000	857.0000
912.3071	470.0000	950.0000
911.3162	517.0000	999.0000
910.3253	495.0000	998.0000
909.3344	506.0000	951.0000
908.3435	472.0000	961.0000
907.3526	473.0000	949.0000
906.3617	497.0000	982.0000
905.3708	502.0000	1023.0000
904.3799	499.0000	1012.0000
903.3890	491.0000	989.0000
902.3981	503.0000	935.0000
901.4072	484.0000	949.0000
900.4163	512.0000	964.0000
899.4254	487.0000	965.0000
898.4345	478.0000	1026.0000
897.4436	475.0000	938.0000
896.4527	499.0000	977.0000
895.4618	486.0000	970.0000
894.4709	463.0000	887.0000
893.4800	457.0000	905.0000
892.4891	467.0000	931.0000
891.4982	520.0000	976.0000
890.5073	503.0000	965.0000
889.5164	453.0000	980.0000
888.5255	417.0000	882.0000
887.5346	485.0000	980.0000
886.5437	495.0000	977.0000
885.5528	502.0000	999.0000
884.5619	471.0000	942.0000
883.5710	454.0000	941.0000
882.5801	464.0000	954.0000
881.5892	476.0000	924.0000
880.5983	472.0000	918.0000
879.6074	473.0000	945.0000
878.6165	466.0000	911.0000
877.6256	469.0000	989.0000
876.6347	472.0000	933.0000
875.6438	493.0000	991.0000
874.6529	483.0000	998.0000
873.6620	470.0000	933.0000
872.6711	425.0000	874.0000
871.6802	509.0000	1008.0000
870.6893	442.0000	892.0000
869.6984	441.0000	905.0000
868.7075	499.0000	947.0000
867.7166	472.0000	956.0000
866.7257	421.0000	877.0000
865.7348	466.0000	924.0000
864.7439	457.0000	918.0000
863.7530	441.0000	929.0000
862.7621	451.0000	937.0000
861.7712	477.0000	958.0000
860.7803	442.0000	937.0000
859.7894	484.0000	948.0000
858.7985	492.0000	942.0000
857.8076	462.0000	928.0000
856.8167	488.0000	957.0000
855.8258	439.0000	883.0000
854.8349	469.0000	922.0000
853.8440	468.0000	925.0000
852.8531	465.0000	931.0000
851.8622	497.0000	982.0000
850.8713	462.0000	955.0000
849.8804	446.0000	928.0000
848.8895	497.0000	975.0000
847.8986	476.0000	956.0000
846.9077	465.0000	937.0000
845.9168	473.0000	912.0000
844.9259	475.0000	956.0000
843.9350	477.0000	957.0000
842.9441	517.0000	991.0000
841.9532	508.0000	1001.0000
840.9623	484.0000	996.0000
839.9714	506.0000	945.0000
838.9805	527.0000	1070.0000
837.9896	515.0000	1063.0000
836.9987	492.0000	1047.0000
836.0078	515.0000	1046.0000
835.0169	512.0000	1028.0000
834.0260	551.0000	1111.0000
833.0351	550.0000	1101.0000
832.0442	541.0000	1077.0000
831.0533	586.0000	1157.0000
830.0624	555.0000	1160.0000
829.0715	564.0000	1163.0000
828.0806	593.0000	1188.0000
827.0897	598.0000	1170.0000
826.0988	579.0000	1167.0000
825.1079	638.0000	1269.0000
824.1170	602.0000	1249.0000
823.1261	599.0000	1228.0000
822.1352	648.0000	1340.0000
821.1443	648.0000	1305.0000
820.1534	714.0000	1438.0000
819.1625	732.0000	1482.0000
818.1716	737.0000	1443.0000
817.1807	741.0000	1521.0000
816.1898	737.0000	1532.0000
815.1989	738.0000	1520.0000
814.2080	738.0000	1486.0000
813.2171	804.0000	1562.0000
812.2262	811.0000	1596.0000
811.2353	809.0000	1629.0000
810.2444	794.0000	1594.0000
809.2535	866.0000	1718.0000
808.2626	822.0000	1625.0000
807.2717	839.0000	1718.0000
806.2808	848.0000	1740.0000
805.2899	893.0000	1817.0000
804.2990	893.0000	1806.0000
803.3081	900.0000	1842.0000
802.3172	1028.0000	2003.0000
801.3263	988.0000	2043.0000
800.3354	1018.0000	2074.0000
799.3445	1159.0000	2200.0000
798.3536	1104.0000	2237.0000
797.3627	1094.0000	2139.0000
796.3718	1058.0000	2186.0000
795.3809	984.0000	2042.0000
794.3900	1018.0000	2045.0000
793.3991	1003.0000	2000.0000
792.4082	970.0000	1997.0000
791.4173	978.0000	1955.0000
790.4264	888.0000	1822.0000
789.4355	908.0000	1892.0000
788.4446	943.0000	1904.0000
787.4537	906.0000	1817.0000
786.4628	910.0000	1864.0000
785.4719	942.0000	1894.0000
784.4810	980.0000	1887.0000
783.4901	990.0000	1987.0000
782.4992	964.0000	1908.0000
781.5083	989.0000	1977.0000
780.5174	978.0000	1937.0000
779.5265	994.0000	1946.0000
778.5356	966.0000	1905.0000
777.5447	1055.0000	2012.0000
776.5538	985.0000	1997.0000
775.5629	986.0000	1961.0000
774.5720	971.0000	1954.0000
773.5811	969.0000	1988.0000
772.5902	968.0000	1977.0000
771.5993	986.0000	1955.0000
770.6084	1022.0000	1979.0000
769.6175	985.0000	1971.0000
768.6266	999.0000	1955.0000
767.6357	1005.0000	2023.0000
766.6448	956.0000	1998.0000
765.6539	971.0000	1945.0000
764.6630	941.0000	1897.0000
763.6721	922.0000	1853.0000
762.6812	963.0000	1957.0000
761.6903	964.0000	1947.0000
760.6994	964.0000	1955.0000
759.7085	951.0000	1897.0000
758.7176	1019.0000	1955.0000
757.7267	952.0000	1916.0000
756.7358	956.0000	2017.0000
755.7449	955.0000	1944.0000
754.7540	963.0000	1928.0000
753.7631	958.0000	1936.0000
752.7722	900.0000	1858.0000
751.7813	957.0000	1927.0000
750.7904	929.0000	1930.0000
749.7995	978.0000	1941.0000
748.8086	980.0000	1932.0000
747.8177	954.0000	1969.0000
746.8268	962.0000	1894.0000
745.8359	980.0000	1944.0000
744.8450	960.0000	1884.0000
743.8541	953.0000	1905.0000
742.8632	962.0000	1841.0000
741.8723	949.0000	1940.0000
740.8814	961.0000	1897.0000
739.8905	916.0000	1859.0000
738.8996	984.0000	1948.0000
737.9087	961.0000	1906.0000
736.9178	988.0000	1876.0000
735.9269	972.0000	1866.0000
734.9360	943.0000	1869.0000
733.9451	936.0000	1868.0000
732.9542	1018.0000	2076.0000
731.9633	928.0000	1897.0000
730.9724	924.0000	1948.0000
729.9815	925.0000	1905.0000
728.9906	1025.0000	2011.0000
727.9997	998.0000	2009.0000
727.0088	984.0000	1951.0000
726.0179	1163.0000	2348.0000
725.0270	1185.0000	2368.0000
724.0361	1099.0000	2233.0000
723.0452	1098.0000	2258.0000
722.0543	1060.0000	2113.0000
721.0634	984.0000	1970.0000
720.0725	980.0000	1991.0000
719.0816	954.0000	1905.0000
718.0907	1006.0000	2008.0000
717.0998	1020.0000	2029.0000
716.1089	962.0000	1930.0000
715.1180	977.0000	2022.0000
714.1271	1010.0000	2007.0000
713.1362	1040.0000	2015.0000
712.1453	1010.0000	2019.0000
711.1544	1092.0000	2146.0000
710.1635	1013.0000	1963.0000
709.1726	1057.0000	2130.0000
708.1817	1007.0000	2001.0000
707.1908	1060.0000	2135.0000
706.1999	1031.0000	2055.0000
705.2090	1036.0000	2060.0000
704.2181	1080.0000	2132.0000
703.2272	1052.0000	2183.0000
702.2363	1103.0000	2205.0000
701.2454	1027.0000	2135.0000
700.2545	1020.0000	2092.0000
699.2636	1098.0000	2132.0000
698.2727	1073.0000	2129.0000
697.2818	1039.0000	2070.0000
696.2909	1122.0000	2190.0000
695.3000	1062.0000	2146.0000
694.3091	1065.0000	2143.0000
693.3182	1121.0000	2183.0000
692.3273	1103.0000	2181.0000
691.3364	1086.0000	2187.0000
690.3455	1160.0000	2341.0000
689.3546	1088.0000	2207.0000
688.3637	1142.0000	2306.0000
687.3728	1125.0000	2334.0000
686.3819	1188.0000	2322.0000
685.3910	1118.0000	2293.0000
684.4001	1201.0000	2393.0000
683.4092	1211.0000	2430.0000
682.4183	1234.0000	2461.0000
681.4274	1217.0000	2422.0000
680.4365	1253.0000	2452.0000
679.4456	1254.0000	2417.0000
678.4547	1167.0000	2326.0000
677.4638	1100.0000	2277.0000
676.4729	1157.0000	2298.0000
675.4820	1143.0000	2304.0000
674.4911	1248.0000	2427.0000
673.5002	1219.0000	2384.0000
672.5093	1271.0000	2456.0000
671.5184	1233.0000	2433.0000
670.5275	1191.0000	2402.0000
669.5366	1223.0000	2370.0000
668.5457	1220.0000	2405.0000
667.5548	1225.0000	2459.0000
666.5639	1226.0000	2490.0000
665.5730	1197.0000	2426.0000
664.5821	1154.0000	2387.0000
663.5912	1207.0000	2492.0000
662.6003	1306.0000	2479.0000
661.6094	1303.0000	2521.0000
660.6185	1235.0000	2455.0000
659.6276	1282.0000	2547.0000
658.6367	1296.0000	2566.0000
657.6458	1190.0000	2428.0000
656.6549	1193.0000	2454.0000
655.6640	1279.0000	2491.0000
654.6731	1221.0000	2446.0000
653.6822	1303.0000	2538.0000
652.6913	1199.0000	2450.0000
651.7004	1210.0000	2478.0000
650.7095	1280.0000	2560.0000
649.7186	1326.0000	2632.0000
648.7277	1399.0000	2893.0000
647.7368	1392.0000	2932.0000
646.7459	1539.0000	3049.0000
645.7550	1400.0000	2790.0000
644.7641	1384.0000	2694.0000
643.7732	1274.0000	2608.0000
642.7823	1298.0000	2607.0000
641.7914	1240.0000	2512.0000
640.8005	1292.0000	2575.0000
639.8096	1267.0000	2508.0000
638.8187	1212.0000	2502.0000
637.8278	1276.0000	2618.0000
636.8369	1272.0000	2612.0000
635.8460	1282.0000	2538.0000
634.8551	1261.0000	2574.0000
633.8642	1316.0000	2618.0000
632.8733	1249.0000	2449.0000
631.8824	1275.0000	2610.0000
630.8915	1295.0000	2576.0000
629.9006	1261.0000	2547.0000
628.9097	1244.0000	2531.0000
627.9188	1264.0000	2569.0000
626.9279	1329.0000	2611.0000
625.9370	1361.0000	2613.0000
624.9461	1279.0000	2545.0000
623.9552	1262.0000	2569.0000
622.9643	1264.0000	2575.0000
621.9734	1278.0000	2596.0000
620.9825	1294.0000	2644.0000
619.9916	1264.0000	2593.0000
619.0007	1292.0000	2649.0000
618.0098	1366.0000	2664.0000
617.0189	1273.0000	2579.0000
616.0280	1313.0000	2547.0000
615.0371	1244.0000	2601.0000
614.0462	1350.0000	2644.0000
613.0553	1320.0000	2617.0000
612.0644	1270.0000	2571.0000
611.0735	1334.0000	2622.0000
610.0826	1281.0000	2599.0000
609.0917	1292.0000	2596.0000
608.1008	1328.0000	2563.0000
607.1099	1260.0000	2562.0000
606.1190	1324.0000	2603.0000
605.1281	1240.0000	2521.0000
604.1372	1357.0000	2617.0000
603.1463	1274.0000	2596.0000
602.1554	1296.0000	2610.0000
601.1645	1296.0000	2588.0000
600.1736	1209.0000	2484.0000
599.1827	1327.0000	2617.0000
598.1918	1333.0000	2624.0000
597.2009	1315.0000	2608.0000
596.2100	1363.0000	2696.0000
595.2191	1358.0000	2691.0000
594.2282	1296.0000	2624.0000
593.2373	1282.0000	2628.0000
592.2464	1272.0000	2626.0000
591.2555	1321.0000	2629.0000
590.2646	1314.0000	2687.0000
589.2737	1360.0000	2678.0000
588.2828	1324.0000	2645.0000
587.2919	1328.0000	2634.0000
586.3010	1317.0000	2630.0000
585.3101	1376.0000	2698.0000
584.3192	1254.0000	2621.0000
583.3283	1338.0000	2639.0000
582.3374	1320.0000	2626.0000
581.3465	1305.0000	2676.0000
580.3556	1311.0000	2687.0000
579.3647	1398.0000	2786.0000
578.3738	1363.0000	2705.0000
577.3829	1314.0000	2683.0000
576.3920	1314.0000	2682.0000
575.4011	1344.0000	2623.0000
574.4102	1288.0000	2655.0000
573.4193	1314.0000	2656.0000
572.4284	1374.0000	2671.0000
571.4375	1331.0000	2687.0000
570.4466	1330.0000	2748.0000
569.4557	1326.0000	2617.0000
568.4648	1306.0000	2625.0000
567.4739	1406.0000	2695.0000
566.4830	1328.0000	2629.0000
565.4921	1292.0000	2654.0000
564.5012	1377.0000	2724.0000
563.5103	1343.0000	2628.0000
562.5194	1328.0000	2696.0000
561.5285	1251.0000	2570.0000
560.5376	1324.0000	2631.0000
559.5467	1343.0000	2684.0000
558.5558	1321.0000	2622.0000
557.5649	1382.0000	2761.0000
556.5740	1310.0000	2651.0000
555.5831	1301.0000	2626.0000
554.5922	1286.0000	2643.0000
553.6013	1411.0000	2721.0000
552.6104	1329.0000	2696.0000
551.6195	1332.0000	2618.0000
550.6286	1301.0000	2640.0000
549.6377	1371.0000	2702.0000
548.6468	1379.0000	2681.0000
547.6559	1329.0000	2677.0000
546.6650	1311.0000	2605.0000
545.6741	1322.0000	2711.0000
544.6832	1316.0000	2664.0000
543.6923	1375.0000	2754.0000
542.7014	1315.0000	2631.0000
541.7105	1261.0000	2626.0000
540.7196	1330.0000	2692.0000
539.7287	1351.0000	2732.0000
538.7378	1373.0000	2732.0000
537.7469	1384.0000	2788.0000
536.7560	1401.0000	2782.0000
535.7651	1311.0000	2631.0000
534.7742	1276.0000	2650.0000
533.7833	1372.0000	2707.0000
532.7924	1370.0000	2747.0000
531.8015	1399.0000	2709.0000
530.8106	1343.0000	2664.0000
529.8197	1402.0000	2722.0000
528.8288	1423.0000	2801.0000
527.8379	1309.0000	2723.0000
526.8470	1387.0000	2767.0000
525.8561	1366.0000	2760.0000
524.8652	1412.0000	2817.0000
523.8743	1452.0000	2915.0000
522.8834	1452.0000	2811.0000
521.8925	1459.0000	2886.0000
520.9016	1459.0000	2908.0000
519.9107	1484.0000	2972.0000
518.9198	1509.0000	3035.0000
517.9289	1565.0000	3168.0000
516.9380	1783.0000	3638.0000
515.9471	1880.0000	3755.0000
514.9562	1849.0000	3572.0000
513.9653	1710.0000	3429.0000
512.9744	1609.0000	3295.0000
511.9835	1556.0000	3136.0000
510.9926	1561.0000	3097.0000
510.0017	1495.0000	2995.0000
509.0108	1550.0000	3062.0000
508.0199	1522.0000	3002.0000
507.0290	1546.0000	3120.0000
506.0381	1500.0000	3008.0000
505.0472	1573.0000	3140.0000
504.0563	1560.0000	3083.0000
503.0654	1569.0000	3126.0000
502.0745	1543.0000	3065.0000
501.0836	1527.0000	3154.0000
500.0927	1531.0000	3122.0000
499.1018	1614.0000	3206.0000
498.1109	1562.0000	3143.0000
497.1200	1607.0000	3197.0000
496.1291	1619.0000	3274.0000
495.1382	1615.0000	3248.0000
494.1473	1602.0000	3240.0000
493.1564	1659.0000	3312.0000
492.1655	1637.0000	3243.0000
491.1746	1577.0000	3171.0000
490.1837	1662.0000	3245.0000
489.1928	1606.0000	3201.0000
488.2019	1578.0000	3150.0000
487.2110	1583.0000	3236.0000
486.2201	1630.0000	3183.0000
485.2292	1610.0000	3197.0000
484.2383	1597.0000	3222.0000
483.2474	1627.0000	3265.0000
482.2565	1618.0000	3196.0000
481.2656	1599.0000	3283.0000
480.2747	1637.0000	3282.0000
479.2838	1667.0000	3240.0000
478.2929	1609.0000	3235.0000
477.3020	1616.0000	3192.0000
476.3111	1637.0000	3295.0000
475.3202	1600.0000	3229.0000
474.3293	1576.0000	3161.0000
473.3384	1681.0000	3329.0000
472.3475	1629.0000	3259.0000
471.3566	1621.0000	3204.0000
470.3657	1554.0000	3182.0000
469.3748	1573.0000	3193.0000
468.3839	1645.0000	3317.0000
467.3930	1629.0000	3202.0000
466.4021	1643.0000	3158.0000
465.4112	1569.0000	3140.0000
464.4203	1658.0000	3245.0000
463.4294	1635.0000	3308.0000
462.4385	1634.0000	3259.0000
461.4476	1585.0000	3157.0000
460.4567	1641.0000	3247.0000
459.4658	1601.0000	3212.0000
458.4749	1595.0000	3216.0000
457.4840	1530.0000	3130.0000
456.4931	1592.0000	3199.0000
455.5022	1589.0000	3202.0000
454.5113	1547.0000	3098.0000
453.5204	1568.0000	3226.0000
452.5295	1613.0000	3245.0000
451.5386	1605.0000	3226.0000
450.5477	1556.0000	3066.0000
449.5568	1556.0000	3168.0000
448.5659	1532.0000	3108.0000
447.5750	1586.0000	3144.0000
446.5841	1609.0000	3242.0000
445.5932	1571.0000	3213.0000
444.6023	1609.0000	3266.0000
443.6114	1608.0000	3212.0000
442.6205	1559.0000	3189.0000
441.6296	1587.0000	3231.0000
440.6387	1571.0000	3202.0000
439.6478	1607.0000	3206.0000
438.6569	1603.0000	3222.0000
437.6660	1590.0000	3229.0000
436.6751	1600.0000	3205.0000
435.6842	1563.0000	3195.0000
434.6933	1602.0000	3177.0000
433.7024	1589.0000	3148.0000
432.7115	1677.0000	3263.0000
431.7206	1623.0000	3317.0000
430.7297	1554.0000	3230.0000
429.7388	1615.0000	3256.0000
428.7479	1605.0000	3215.0000
427.7570	1660.0000	3305.0000
426.7661	1665.0000	3305.0000
425.7752	1696.0000	3311.0000
424.7843	1685.0000	3348.0000
423.7934	1638.0000	3264.0000
422.8025	1610.0000	3385.0000
421.8116	1557.0000	3163.0000
420.8207	1612.0000	3249.0000
419.8298	1555.0000	3197.0000
418.8389	1610.0000	3272.0000
417.8480	1588.0000	3222.0000
416.8571	1560.0000	3183.0000
415.8662	1664.0000	3326.0000
414.8753	1624.0000	3299.0000
413.8844	1652.0000	3264.0000
412.8935	1705.0000	3310.0000
411.9026	1640.0000	3292.0000
410.9117	1669.0000	3453.0000
409.9208	1631.0000	3335.0000
408.9299	1798.0000	3594.0000
407.9390	1714.0000	3515.0000
406.9481	1791.0000	3696.0000
405.9572	1929.0000	3848.0000
404.9663	1969.0000	3922.0000
403.9754	1916.0000	3896.0000
402.9845	1894.0000	3859.0000
401.9936	1844.0000	3774.0000
401.0027	1816.0000	3679.0000
400.0118	1731.0000	3529.0000
399.0209	1771.0000	3518.0000
398.0300	1811.0000	3563.0000
397.0391	1782.0000	3535.0000
396.0482	1766.0000	3613.0000
395.0573	1760.0000	3542.0000
394.0664	1747.0000	3543.0000
393.0755	1701.0000	3473.0000
392.0846	1777.0000	3657.0000
391.0937	1745.0000	3492.0000
390.1028	1793.0000	3664.0000
389.1119	1800.0000	3541.0000
388.1210	1782.0000	3621.0000
387.1301	1784.0000	3520.0000
386.1392	1742.0000	3531.0000
385.1483	1829.0000	3705.0000
384.1574	1810.0000	3645.0000
383.1665	1836.0000	3610.0000
382.1756	1863.0000	3730.0000
381.1847	1829.0000	3628.0000
380.1938	1781.0000	3620.0000
379.2029	1836.0000	3682.0000
378.2120	1776.0000	3608.0000
377.2211	1781.0000	3638.0000
376.2302	1747.0000	3593.0000
375.2393	1870.0000	3726.0000
374.2484	1819.0000	3666.0000
373.2575	1815.0000	3675.0000
372.2666	1841.0000	3713.0000
371.2757	1815.0000	3678.0000
370.2848	1793.0000	3675.0000
369.2939	1800.0000	3642.0000
368.3030	1809.0000	3657.0000
367.3121	1806.0000	3623.0000
366.3212	1789.0000	3669.0000
365.3303	1854.0000	3715.0000
364.3394	1870.0000	3768.0000
363.3485	1875.0000	3796.0000
362.3576	1740.0000	3562.0000
361.3667	1826.0000	3750.0000
360.3758	1845.0000	3686.0000
359.3849	1870.0000	3734.0000
358.3940	1799.0000	3686.0000
357.4031	1868.0000	3821.0000
356.4122	1788.0000	3735.0000
355.4213	1862.0000	3717.0000
354.4304	1915.0000	3760.0000
353.4395	1839.0000	3670.0000
352.4486	1897.0000	3762.0000
351.4577	1830.0000	3754.0000
350.4668	1853.0000	3777.0000
349.4759	1905.0000	3860.0000
348.4850	1891.0000	3770.0000
347.4941	1794.0000	3696.0000
346.5032	1916.0000	3809.0000
345.5123	1856.0000	3665.0000
344.5214	1873.0000	3746.0000
343.5305	1930.0000	3786.0000
342.5396	1872.0000	3814.0000
341.5487	1904.0000	3807.0000
340.5578	1853.0000	3729.0000
339.5669	1866.0000	3722.0000
338.5760	1848.0000	3697.0000
337.5851	1858.0000	3781.0000
336.5942	2857.0000	4844.0000
335.6033	1916.0000	3881.0000
334.6124	1833.0000	3716.0000
333.6215	1909.0000	3803.0000
332.6306	1891.0000	3777.0000
331.6397	1768.0000	3679.0000
330.6488	1940.0000	3852.0000
329.6579	1812.0000	3774.0000
328.6670	1831.0000	3764.0000
327.6761	1893.0000	3816.0000
326.6852	1793.0000	3784.0000
325.6943	1913.0000	3814.0000
324.7034	1989.0000	3975.0000
323.7125	1923.0000	3812.0000
322.7216	1813.0000	3768.0000
321.7307	1901.0000	3790.0000
320.7398	1895.0000	3762.0000
319.7489	2003.0000	3937.0000
318.7580	1856.0000	3732.0000
317.7671	1879.0000	3877.0000
316.7762	1909.0000	3878.0000
315.7853	2003.0000	4054.0000
314.7944	1908.0000	3850.0000
313.8035	1947.0000	3858.0000
312.8126	1938.0000	3852.0000
311.8217	1947.0000	3975.0000
310.8308	1904.0000	3956.0000
309.8399	1896.0000	3933.0000
308.8490	1975.0000	3891.0000
307.8581	1896.0000	3905.0000
306.8672	1927.0000	3832.0000
305.8763	1923.0000	3893.0000
304.8854	1938.0000	3849.0000
303.8945	1969.0000	4034.0000
302.9036	1871.0000	3824.0000
301.9127	1953.0000	3978.0000
300.9218	2016.0000	4063.0000
299.9309	1930.0000	3884.0000
298.9400	2001.0000	3938.0000
297.9491	1959.0000	3895.0000
296.9582	1999.0000	4031.0000
295.9673	2517.0000	4495.0000
294.9764	1886.0000	3860.0000
293.9855	2034.0000	4051.0000
292.9946	1978.0000	4000.0000
292.0037	2059.0000	4110.0000
291.0128	1983.0000	3974.0000
290.0219	2062.0000	4071.0000
289.0310	1987.0000	4037.0000
288.0401	2049.0000	4077.0000
287.0492	2053.0000	4004.0000
286.0583	2020.0000	4053.0000
285.0674	2100.0000	4112.0000
284.0765	2065.0000	4129.0000
283.0856	2057.0000	4121.0000
282.0947	2288.0000	4384.0000
281.1038	2062.0000	4178.0000
280.1129	2119.0000	4253.0000
279.1220	2089.0000	4245.0000
278.1311	2156.0000	4267.0000
277.1402	2110.0000	4357.0000
276.1493	2176.0000	4345.0000
275.1584	2266.0000	4496.0000
274.1675	2262.0000	4547.0000
273.1766	2361.0000	4643.0000
272.1857	2316.0000	4599.0000
271.1948	2343.0000	4673.0000
270.2039	2293.0000	4628.0000
269.2130	2413.0000	4756.0000
268.2221	2337.0000	4655.0000
267.2312	2390.0000	4718.0000
266.2403	2357.0000	4674.0000
265.2494	2455.0000	4787.0000
264.2585	2427.0000	4792.0000
263.2676	2403.0000	4823.0000
262.2767	2389.0000	4784.0000
261.2858	2407.0000	4813.0000
260.2949	2403.0000	4820.0000
259.3040	2394.0000	4769.0000
258.3131	2419.0000	4783.0000
257.3222	2343.0000	4685.0000
256.3313	2330.0000	4672.0000
255.3404	2403.0000	4714.0000
254.3495	2390.0000	4748.0000
253.3586	2398.0000	4742.0000
252.3677	2316.0000	4734.0000
251.3768	2337.0000	4746.0000
250.3859	2417.0000	4891.0000
249.3950	2476.0000	4908.0000
248.4041	2528.0000	4990.0000
247.4132	2461.0000	4840.0000
246.4223	2579.0000	5108.0000
245.4314	2433.0000	5035.0000
244.4405	2533.0000	5042.0000
243.4496	2453.0000	4916.0000
242.4587	2454.0000	4846.0000
241.4678	2355.0000	4758.0000
240.4769	2356.0000	4717.0000
239.4860	2412.0000	4811.0000
238.4951	2377.0000	4790.0000
237.5042	2391.0000	4714.0000
236.5133	2370.0000	4738.0000
235.5224	2417.0000	4871.0000
234.5315	2461.0000	4862.0000
233.5406	2420.0000	4824.0000
232.5497	2394.0000	4805.0000
231.5588	2561.0000	4900.0000
230.5679	2416.0000	4851.0000
229.5770	2471.0000	4917.0000
228.5861	2438.0000	4883.0000
227.5952	2550.0000	4986.0000
226.6043	2477.0000	4941.0000
225.6134	2452.0000	4942.0000
224.6225	2438.0000	4926.0000
223.6316	2555.0000	5073.0000
222.6407	2504.0000	5101.0000
221.6498	2502.0000	5038.0000
220.6589	2539.0000	5093.0000
219.6680	2516.0000	5039.0000
218.6771	2456.0000	4942.0000
217.6862	2510.0000	4930.0000
216.6953	2513.0000	5119.0000
215.7044	2572.0000	5107.0000
214.7135	2505.0000	5100.0000
213.7226	2445.0000	4955.0000
212.7317	2525.0000	5048.0000
211.7408	2438.0000	4976.0000
210.7499	2599.0000	5127.0000
209.7590	2600.0000	5128.0000
208.7681	2682.0000	5284.0000
207.7772	2629.0000	5175.0000
206.7863	2519.0000	5094.0000
205.7954	2609.0000	5212.0000
204.8045	2639.0000	5192.0000
203.8136	2632.0000	5252.0000
202.8227	2586.0000	5209.0000
201.8318	2583.0000	5198.0000
200.8409	2585.0000	5176.0000
