Kommentar: 
Zeit: 05.12.2011	12:32
Startenergie: 100
Endenergie: 1600
Energieschritt: 1
Sensitivity: 1 mV
TC: 1 ms
Phase: Phase: 50
100	4564
101	4549
102	4536
103	4392
104	4418
105	4409
106	4227
107	4107
108	3835
109	3655
110	3553
111	3451
112	3343
113	3322
114	3287
115	3051
116	2886
117	2762
118	2809
119	2901
120	2944
121	2970
122	3057
123	3081
124	3087
125	3028
126	3008
127	2973
128	2954
129	2914
130	2940
131	2879
132	2828
133	2767
134	2711
135	2630
136	2577
137	2462
138	2432
139	2443
140	2421
141	2419
142	2487
143	2575
144	2611
145	2571
146	2536
147	2555
148	2589
149	2566
150	2514
151	2465
152	2356
153	2256
154	2144
155	2101
156	2093
157	2041
158	2077
159	2106
160	2121
161	2129
162	2204
163	2208
164	2197
165	2178
166	2146
167	2024
168	1856
169	1770
170	1679
171	1699
172	1718
173	1714
174	1680
175	1694
176	1777
177	1807
178	1811
179	1806
180	1838
181	1791
182	1824
183	1891
184	1880
185	1829
186	1809
187	1781
188	1709
189	1654
190	1598
191	1461
192	1498
193	1512
194	1532
195	1604
196	1572
197	1557
198	1597
199	1605
200	1658
201	1601
202	1439
203	1418
204	1318
205	1266
206	1233
207	1105
208	992
209	1023
210	1095
211	1181
212	1502
213	1608
214	1709
215	1688
216	1699
217	1669
218	1646
219	1620
220	1666
221	1611
222	1560
223	1526
224	1470
225	1417
226	1378
227	1326
228	1311
229	1376
230	1473
231	1598
232	1661
233	1618
234	1604
235	1565
236	1502
237	1459
238	1370
239	1358
240	1408
241	1499
242	1520
243	1606
244	1571
245	1525
246	1475
247	1350
248	1297
249	1314
250	1264
251	1225
252	1231
253	1282
254	1306
255	1406
256	1533
257	1555
258	1511
259	1451
260	1441
261	1358
262	1297
263	1278
264	1246
265	1200
266	1239
267	1204
268	1193
269	1203
270	1166
271	1154
272	1069
273	990
274	861
275	692
276	437
277	322
278	222
279	151
280	54
281	146
282	323
283	419
284	542
285	618
286	684
287	788
288	855
289	932
290	992
291	1050
292	1054
293	1121
294	1115
295	1071
296	1049
297	1066
298	1078
299	1155
300	1294
301	1376
302	1413
303	1397
304	1411
305	1399
306	1306
307	1186
308	1268
309	1295
310	1226
311	1085
312	1007
313	954
314	939
315	1010
316	1041
317	1067
318	1007
319	1040
320	1082
321	1008
322	1000
323	970
324	953
325	895
326	910
327	933
328	1033
329	1135
330	1276
331	1226
332	1123
333	1029
334	1060
335	1102
336	1018
337	1066
338	975
339	971
340	1021
341	1019
342	922
343	805
344	714
345	666
346	881
347	991
348	879
349	827
350	929
351	1062
352	991
353	962
354	979
355	831
356	786
357	760
358	735
359	738
360	673
361	642
362	685
363	781
364	987
365	1089
366	1074
367	1086
368	1055
369	1018
370	966
371	956
372	878
373	751
374	679
375	709
376	822
377	894
378	1043
379	1175
380	1227
381	1261
382	1270
383	1223
384	1069
385	919
386	767
387	681
388	591
389	551
390	488
391	576
392	627
393	709
394	710
395	794
396	820
397	885
398	818
399	894
400	922
401	933
402	912
403	920
404	849
405	928
406	1107
407	1107
408	1075
409	988
410	897
411	824
412	987
413	1020
414	1085
415	1047
416	923
417	812
418	737
419	818
420	827
421	855
422	778
423	725
424	708
425	721
426	710
427	786
428	805
429	783
430	797
431	850
432	1022
433	1061
434	943
435	854
436	780
437	798
438	788
439	815
440	808
441	826
442	700
443	687
444	701
445	644
446	646
447	693
448	828
449	839
450	901
451	973
452	1073
453	1092
454	1109
455	1061
456	978
457	987
458	963
459	1037
460	1071
461	1133
462	1124
463	1129
464	1060
465	1048
466	1120
467	1168
468	1049
469	970
470	1036
471	950
472	989
473	1008
474	991
475	1026
476	1019
477	906
478	844
479	902
480	750
481	825
482	1046
483	1262
484	1396
485	1326
486	1266
487	1195
488	1103
489	1163
490	1128
491	1068
492	989
493	869
494	702
495	637
496	612
497	707
498	738
499	747
500	994
501	997
502	1154
503	1360
504	1491
505	1734
506	2007
507	2218
508	2340
509	2035
510	1483
511	1080
512	528
513	-254
514	-709
515	-1089
516	-1080
517	-906
518	-788
519	-702
520	-545
521	-316
522	-79
523	223
524	341
525	485
526	585
527	643
528	664
529	735
530	736
531	705
532	784
533	688
534	629
535	644
536	641
537	668
538	656
539	674
540	804
541	887
542	848
543	842
544	832
545	868
546	856
547	855
548	836
549	805
550	815
551	855
552	951
553	971
554	1081
555	1187
556	1380
557	1365
558	1336
559	1210
560	1221
561	997
562	921
563	935
564	807
565	800
566	842
567	816
568	812
569	887
570	1002
571	1092
572	1039
573	1045
574	993
575	1032
576	991
577	986
578	988
579	1110
580	1260
581	1216
582	1138
583	985
584	909
585	813
586	907
587	996
588	1040
589	1011
590	963
591	1024
592	946
593	893
594	897
595	938
596	1103
597	1140
598	1056
599	1026
600	1100
601	1143
602	1088
603	1040
604	981
605	883
606	831
607	887
608	897
609	871
610	930
611	923
612	858
613	858
614	1051
615	1096
616	1114
617	1119
618	1185
619	1209
620	1197
621	1111
622	953
623	895
624	965
625	997
626	966
627	1101
628	1180
629	1268
630	1234
631	1081
632	1023
633	1101
634	1223
635	1240
636	1276
637	1268
638	1207
639	1191
640	1263
641	1377
642	1280
643	1157
644	1050
645	1095
646	1053
647	1204
648	1241
649	1173
650	1231
651	1235
652	1226
653	1251
654	1118
655	922
656	846
657	917
658	994
659	1014
660	1028
661	1080
662	951
663	951
664	1104
665	1166
666	1101
667	982
668	931
669	889
670	908
671	1140
672	1160
673	1120
674	1107
675	1162
676	1138
677	1016
678	1093
679	1118
680	1028
681	897
682	925
683	987
684	1063
685	1143
686	1097
687	984
688	990
689	1089
690	1217
691	1267
692	1115
693	1193
694	1282
695	1262
696	1321
697	1361
698	1299
699	1141
700	1032
701	938
702	869
703	883
704	932
705	1041
706	1068
707	1003
708	882
709	791
710	832
711	920
712	1001
713	956
714	996
715	975
716	951
717	1003
718	1038
719	1044
720	1098
721	1108
722	1063
723	912
724	921
725	979
726	1009
727	959
728	861
729	837
730	933
731	967
732	987
733	987
734	1017
735	1065
736	1162
737	1245
738	1225
739	1181
740	1168
741	1158
742	1146
743	1115
744	1129
745	1086
746	902
747	860
748	966
749	976
750	992
751	1023
752	1117
753	1094
754	1023
755	924
756	895
757	975
758	1004
759	978
760	815
761	846
762	818
763	855
764	957
765	1044
766	1058
767	1087
768	1091
769	1065
770	1100
771	1083
772	1072
773	991
774	942
775	833
776	789
777	820
778	958
779	1078
780	1089
781	1066
782	1157
783	1227
784	1180
785	1155
786	1217
787	1179
788	1125
789	1114
790	1106
791	1130
792	1155
793	1082
794	1003
795	908
796	1012
797	1090
798	1125
799	1204
800	1127
801	967
802	977
803	1022
804	1157
805	1049
806	1025
807	1047
808	1042
809	1005
810	1069
811	1089
812	1022
813	995
814	987
815	1064
816	995
817	1061
818	1044
819	1080
820	1077
821	1071
822	1018
823	930
824	924
825	949
826	1003
827	972
828	941
829	988
830	1040
831	1062
832	1072
833	1061
834	1077
835	1041
836	987
837	876
838	896
839	842
840	735
841	749
842	859
843	896
844	933
845	994
846	1028
847	1069
848	1169
849	1277
850	1257
851	1160
852	1126
853	1181
854	1087
855	1099
856	1129
857	1115
858	1163
859	1112
860	1082
861	1095
862	1124
863	1206
864	1193
865	1147
866	1040
867	1057
868	1072
869	1008
870	1065
871	1120
872	1218
873	1283
874	1257
875	1227
876	1246
877	1131
878	1046
879	1049
880	1119
881	1118
882	1205
883	1266
884	1234
885	1216
886	1195
887	1151
888	1203
889	1145
890	1160
891	1151
892	1160
893	1159
894	1241
895	1271
896	1164
897	1185
898	1223
899	1303
900	1348
901	1322
902	1355
903	1336
904	1386
905	1298
906	1262
907	1211
908	1221
909	1159
910	1095
911	1099
912	1163
913	1266
914	1330
915	1195
916	1051
917	973
918	991
919	850
920	922
921	1034
922	1047
923	1032
924	1049
925	1064
926	973
927	885
928	874
929	833
930	815
931	740
932	861
933	1037
934	1145
935	1153
936	1225
937	1252
938	1202
939	1001
940	900
941	934
942	877
943	799
944	795
945	873
946	936
947	1028
948	1162
949	1216
950	1137
951	1063
952	1060
953	1098
954	1127
955	1172
956	1207
957	1183
958	1107
959	984
960	1066
961	1121
962	1049
963	1042
964	1033
965	922
966	935
967	1026
968	1151
969	1142
970	1108
971	1128
972	1216
973	1110
974	1017
975	1065
976	1102
977	1058
978	1080
979	1025
980	1104
981	1283
982	1278
983	1191
984	1181
985	1175
986	1152
987	1040
988	999
989	1022
990	1055
991	1044
992	1108
993	1126
994	1023
995	934
996	990
997	1119
998	1223
999	1238
1000	1253
1001	1147
1002	1014
1003	978
1004	941
1005	978
1006	1015
1007	1039
1008	1035
1009	1095
1010	1173
1011	1263
1012	1282
1013	1221
1014	1143
1015	1201
1016	1263
1017	1138
1018	1093
1019	1195
1020	1175
1021	964
1022	864
1023	825
1024	845
1025	922
1026	930
1027	1028
1028	1064
1029	1144
1030	1077
1031	1020
1032	987
1033	977
1034	992
1035	1016
1036	959
1037	940
1038	1059
1039	1026
1040	1066
1041	1083
1042	1079
1043	1129
1044	1278
1045	1374
1046	1252
1047	1228
1048	1199
1049	1132
1050	1071
1051	1070
1052	1105
1053	1168
1054	1082
1055	1066
1056	1035
1057	1179
1058	1319
1059	1304
1060	1203
1061	1193
1062	1125
1063	1156
1064	1106
1065	1053
1066	988
1067	943
1068	919
1069	929
1070	1002
1071	1106
1072	1137
1073	1152
1074	1089
1075	1023
1076	970
1077	954
1078	1024
1079	1177
1080	1243
1081	1254
1082	1312
1083	1256
1084	1232
1085	1186
1086	1186
1087	1145
1088	1096
1089	1092
1090	1162
1091	1207
1092	1193
1093	1210
1094	1212
1095	1140
1096	1192
1097	1251
1098	1259
1099	1213
1100	1179
1101	1189
1102	1129
1103	1123
1104	1109
1105	1068
1106	971
1107	1042
1108	1018
1109	939
1110	1035
1111	1130
1112	1267
1113	1222
1114	1165
1115	1068
1116	1124
1117	1124
1118	1170
1119	1098
1120	1111
1121	1112
1122	1012
1123	1123
1124	1148
1125	997
1126	926
1127	952
1128	1083
1129	1104
1130	1071
1131	1196
1132	1207
1133	1211
1134	1261
1135	1216
1136	1149
1137	1016
1138	953
1139	1006
1140	986
1141	1037
1142	1025
1143	1127
1144	1135
1145	1055
1146	1071
1147	938
1148	937
1149	904
1150	1026
1151	1096
1152	1080
1153	1055
1154	1200
1155	1217
1156	1233
1157	1200
1158	1078
1159	974
1160	1029
1161	993
1162	913
1163	951
1164	1016
1165	996
1166	1014
1167	1062
1168	1057
1169	1048
1170	1069
1171	1085
1172	1145
1173	1205
1174	1152
1175	1061
1176	1100
1177	1015
1178	1007
1179	1052
1180	1061
1181	1034
1182	1052
1183	1123
1184	1127
1185	1135
1186	1138
1187	1062
1188	1018
1189	1040
1190	1048
1191	973
1192	1038
1193	1047
1194	1046
1195	960
1196	953
1197	1047
1198	1126
1199	1046
1200	959
1201	929
1202	998
1203	1058
1204	1147
1205	1138
1206	1105
1207	1083
1208	1105
1209	1066
1210	1122
1211	1114
1212	1047
1213	992
1214	984
1215	1025
1216	936
1217	926
1218	1056
1219	1066
1220	1141
1221	1134
1222	1111
1223	1104
1224	957
1225	832
1226	817
1227	943
1228	933
1229	957
1230	956
1231	993
1232	969
1233	1007
1234	949
1235	937
1236	957
1237	990
1238	1007
1239	995
1240	1077
1241	1105
1242	1053
1243	1044
1244	1069
1245	1018
1246	1098
1247	1122
1248	1084
1249	919
1250	1028
1251	1090
1252	1153
1253	1103
1254	1051
1255	1021
1256	1084
1257	1134
1258	1193
1259	1189
1260	1206
1261	1183
1262	1224
1263	1089
1264	1115
1265	1120
1266	1110
1267	1085
1268	1081
1269	1203
1270	1228
1271	1230
1272	1207
1273	1216
1274	1237
1275	1272
1276	1275
1277	1355
1278	1251
1279	1204
1280	1168
1281	1178
1282	1233
1283	1230
1284	1279
1285	1329
1286	1316
1287	1269
1288	1248
1289	1190
1290	1198
1291	1318
1292	1382
1293	1273
1294	1184
1295	1162
1296	1241
1297	1235
1298	1257
1299	1300
1300	1337
1301	1274
1302	1284
1303	1258
1304	1229
1305	1208
1306	1247
1307	1259
1308	1232
1309	1197
1310	1134
1311	1008
1312	1053
1313	1116
1314	1117
1315	1161
1316	1175
1317	1039
1318	950
1319	1031
1320	1058
1321	1055
1322	1168
1323	1174
1324	1199
1325	1270
1326	1314
1327	1377
1328	1438
1329	1550
1330	1631
1331	1603
1332	1517
1333	1349
1334	1185
1335	1052
1336	985
1337	933
1338	924
1339	955
1340	901
1341	998
1342	1074
1343	1282
1344	1382
1345	1437
1346	1403
1347	1308
1348	1288
1349	1074
1350	831
1351	528
1352	254
1353	89
1354	-31
1355	-34
1356	70
1357	311
1358	399
1359	535
1360	833
1361	1037
1362	1219
1363	1257
1364	1455
1365	1593
1366	1575
1367	1356
1368	1311
1369	1121
1370	951
1371	745
1372	591
1373	592
1374	612
1375	630
1376	776
1377	929
1378	1079
1379	1189
1380	1370
1381	1590
1382	1756
1383	1778
1384	1591
1385	1185
1386	834
1387	346
1388	-80
1389	-399
1390	-413
1391	-233
1392	-93
1393	51
1394	273
1395	460
1396	701
1397	921
1398	959
1399	637
1400	53
1401	-860
1402	-1960
1403	-2929
1404	-3635
1405	-3846
1406	-3707
1407	-3388
1408	-3008
1409	-2430
1410	-1869
1411	-1318
1412	-862
1413	-471
1414	-156
1415	187
1416	394
1417	452
1418	442
1419	470
1420	584
1421	753
1422	827
1423	892
1424	944
1425	995
1426	1010
1427	901
1428	863
1429	849
1430	924
1431	903
1432	871
1433	937
1434	950
1435	1006
1436	968
1437	884
1438	897
1439	949
1440	967
1441	886
1442	825
1443	829
1444	874
1445	895
1446	830
1447	774
1448	796
1449	796
1450	816
1451	755
1452	791
1453	822
1454	852
1455	987
1456	991
1457	944
1458	913
1459	881
1460	941
1461	864
1462	1010
1463	1033
1464	926
1465	881
1466	944
1467	902
1468	759
1469	798
1470	922
1471	988
1472	1003
1473	1027
1474	992
1475	1055
1476	970
1477	1017
1478	946
1479	908
1480	864
1481	888
1482	851
1483	813
1484	813
1485	810
1486	857
1487	909
1488	932
1489	910
1490	864
1491	791
1492	733
1493	636
1494	569
1495	662
1496	659
1497	568
1498	499
1499	666
1500	691
1501	731
1502	805
1503	899
1504	840
1505	799
1506	801
1507	819
1508	880
1509	992
1510	1091
1511	1165
1512	1082
1513	1014
1514	903
1515	865
1516	809
1517	767
1518	771
1519	809
1520	861
1521	876
1522	834
1523	814
1524	789
1525	881
1526	963
1527	993
1528	1012
1529	1001
1530	974
1531	910
1532	857
1533	871
1534	885
1535	913
1536	842
1537	895
1538	959
1539	954
1540	916
1541	761
1542	800
1543	831
1544	917
1545	850
1546	838
1547	838
1548	886
1549	858
1550	857
1551	805
1552	761
1553	945
1554	1065
1555	1083
1556	975
1557	885
1558	876
1559	929
1560	946
1561	934
1562	962
1563	920
1564	1001
1565	1062
1566	968
1567	912
1568	1000
1569	1015
1570	1082
1571	985
1572	847
1573	868
1574	930
1575	983
1576	980
1577	875
1578	817
1579	780
1580	832
1581	870
1582	802
1583	836
1584	972
1585	1028
1586	998
1587	950
1588	986
1589	1045
1590	978
1591	1021
1592	1027
1593	941
1594	894
1595	832
1596	832
1597	953
1598	991
1599	955
1600	921
