Kommentar: 
Zeit: 05.12.2011	12:52
Startenergie: 100
Endenergie: 250
Energieschritt: 1
Sensitivity: 1 mV
TC: 1 ms
Phase: Phase: 50
100	10
101	11
102	10
103	11
104	11
105	11
106	11
107	11
108	10
109	11
110	11
111	11
112	11
113	11
114	11
115	13
116	14
117	15
118	15
119	16
120	16
121	17
122	17
123	17
124	16
125	15
126	15
127	15
128	15
129	16
130	16
131	16
132	18
133	19
134	21
135	23
136	25
137	26
138	25
139	23
140	21
141	20
142	18
143	18
144	18
145	19
146	21
147	24
148	27
149	34
150	40
151	46
152	52
153	51
154	46
155	34
156	27
157	20
158	17
159	16
160	16
161	17
162	20
163	24
164	34
165	45
166	58
167	99
168	144
169	157
170	120
171	80
172	34
173	27
174	16
175	-2
176	-81
177	-155
178	-169
179	-165
180	-151
181	-135
182	68
183	498
184	1088
185	1244
186	540
187	-874
188	-1417
189	-1323
190	-1124
191	-891
192	-680
193	-494
194	-368
195	-277
196	-202
197	-116
198	-84
199	-58
200	-39
201	-29
202	-19
203	-14
204	-8
205	-5
206	-2
207	-1
208	0
209	0
210	1
211	1
212	1
213	1
214	1
215	1
216	2
217	2
218	2
219	1
220	2
221	2
222	1
223	2
224	2
225	1
226	1
227	2
228	1
229	2
230	1
231	1
232	1
233	2
234	1
235	2
236	2
237	1
238	1
239	2
240	2
241	2
242	1
243	2
244	2
245	2
246	2
247	2
248	1
249	1
250	2
