 559.04  1.6352E+002
 559.09  1.6022E+002
 559.14  1.6042E+002
 559.19  1.5930E+002
 559.24  1.6391E+002
 559.29  1.7045E+002
 559.34  1.7558E+002
 559.39  1.8101E+002
 559.44  1.8555E+002
 559.49  1.9025E+002
 559.54  1.9406E+002
 559.59  1.9721E+002
 559.64  1.9420E+002
 559.69  1.9785E+002
 559.74  2.0646E+002
 559.79  2.1460E+002
 559.84  2.2517E+002
 559.89  2.4354E+002
 559.94  2.5456E+002
 559.99  2.6193E+002
 560.04  2.7162E+002
 560.09  2.7737E+002
 560.14  2.7891E+002
 560.19  2.7938E+002
 560.24  2.7901E+002
 560.29  2.7672E+002
 560.34  2.7794E+002
 560.39  2.8077E+002
 560.43  2.8734E+002
 560.48  2.9404E+002
 560.53  3.0490E+002
 560.58  3.1070E+002
 560.63  3.1035E+002
 560.68  3.1083E+002
 560.73  3.0956E+002
 560.78  3.0152E+002
 560.83  2.9604E+002
 560.88  2.9495E+002
 560.93  2.9260E+002
 560.98  2.9496E+002
 561.03  3.0182E+002
 561.08  3.0479E+002
 561.13  3.0377E+002
 561.18  3.0215E+002
 561.23  2.9861E+002
 561.28  2.9540E+002
 561.33  2.9216E+002
 561.38  2.9147E+002
 561.43  2.8799E+002
 561.48  2.7883E+002
 561.53  2.6564E+002
 561.58  2.5422E+002
 561.63  2.4229E+002
 561.68  2.3369E+002
 561.73  2.2721E+002
 561.78  2.2203E+002
 561.83  2.1679E+002
 561.88  2.1283E+002
 561.93  2.0793E+002
 561.98  2.0133E+002
 562.03  1.9034E+002
 562.08  1.8130E+002
 562.13  1.7329E+002
 562.18  1.6513E+002
 562.23  1.6232E+002
 562.28  1.7085E+002
 562.33  1.8071E+002
 562.38  1.8178E+002
 562.43  1.7563E+002
 562.48  1.6921E+002
 562.53  1.6091E+002
 562.58  1.5349E+002
 562.63  1.5617E+002
 562.68  1.6731E+002
 562.73  1.7631E+002
 562.78  1.7730E+002
 562.83  1.7341E+002
 562.88  1.6707E+002
 562.93  1.5621E+002
 562.98  1.4368E+002
 563.03  1.3735E+002