 517.00  1.9457E+002
 517.05  1.9739E+002
 517.10  1.9702E+002
 517.15  1.9574E+002
 517.20  1.9510E+002
 517.25  1.9584E+002
 517.30  2.0219E+002
 517.35  2.2291E+002
 517.40  2.6673E+002
 517.45  3.4291E+002
 517.50  4.5540E+002
 517.55  5.8682E+002
 517.60  6.9921E+002
 517.65  7.6227E+002
 517.70  7.6175E+002
 517.75  6.9718E+002
 517.80  5.9133E+002
 517.85  4.7719E+002
 517.90  3.7980E+002
 517.95  3.0763E+002
 518.00  2.5776E+002
 518.05  2.2456E+002
 518.10  2.0706E+002
 518.15  1.9917E+002
 518.20  1.9338E+002
 518.25  1.9268E+002
 518.30  1.9604E+002
 518.35  1.9728E+002
 518.40  1.9479E+002
 518.45  1.8788E+002
 518.50  1.8090E+002