520.00  1.4901E+002
520.05  1.5147E+002
520.10  1.5867E+002
520.15  1.7121E+002
520.20  1.8481E+002
520.25  1.8934E+002
520.30  1.9487E+002
520.35  1.9847E+002
520.40  1.9627E+002
520.45  1.8707E+002
520.50  1.7901E+002
520.55  1.6381E+002
520.60  1.5487E+002
520.65  1.4521E+002
520.71  1.3974E+002
520.76  1.4181E+002
520.81  1.5021E+002
520.86  1.5347E+002
520.91  1.5947E+002
520.96  1.6174E+002
521.01  1.6487E+002
521.06  1.6894E+002
521.11  1.6581E+002
521.16  1.6441E+002
521.21  1.6721E+002
521.26  1.6514E+002
521.31  1.6661E+002
521.36  1.7721E+002
521.41  1.8674E+002
521.46  1.9354E+002
521.51  2.0034E+002
521.56  1.9341E+002
521.62  1.8414E+002
521.67  1.7454E+002
521.72  1.6414E+002
521.77  1.5774E+002
521.82  1.6594E+002
521.87  1.7261E+002
521.92  1.8114E+002
521.97  1.8467E+002
522.02  1.7767E+002
522.07  1.6227E+002
522.12  1.5661E+002
522.17  1.5814E+002
522.22  1.6514E+002
522.27  1.8081E+002
522.32  1.9594E+002
522.37  2.0521E+002
522.42  2.1261E+002
522.47  2.2041E+002
522.53  2.2827E+002
522.58  2.3594E+002
522.63  2.2981E+002
522.68  2.2927E+002
522.73  2.3494E+002
522.78  2.4181E+002
522.83  2.5574E+002
522.88  2.9527E+002
522.93  3.3867E+002
522.98  3.7541E+002
523.03  3.9961E+002
523.08  4.0847E+002
523.13  3.8801E+002
523.18  3.4474E+002
523.23  3.0227E+002
523.28  2.7694E+002
523.33  2.6094E+002
523.38  2.5134E+002
523.43  2.4461E+002
523.49  2.3134E+002
523.54  2.1327E+002
523.59  1.9967E+002
523.64  1.9801E+002
523.69  1.9867E+002
523.74  2.0281E+002
523.79  2.0881E+002
523.84  2.1754E+002
523.89  2.2234E+002
523.94  2.2361E+002
523.99  2.2621E+002
524.04  2.2107E+002
524.09  2.1181E+002
524.14  1.9627E+002
524.19  2.0047E+002
524.24  2.0474E+002
524.29  2.1254E+002
524.34  2.1574E+002
524.39  2.2247E+002
524.45  2.1861E+002
524.50  2.1927E+002
524.55  2.1794E+002
524.60  2.1414E+002
524.65  2.1241E+002
524.70  2.1361E+002
524.75  2.1694E+002
524.80  2.2294E+002
524.85  2.3161E+002
524.90  2.3934E+002
524.95  2.4087E+002
525.00  2.3174E+002
525.05  2.2407E+002
525.10  2.1707E+002
525.15  2.1461E+002
525.20  2.1821E+002
525.25  2.2587E+002
525.30  2.3194E+002
525.36  2.4134E+002
525.41  2.3607E+002
525.46  2.2094E+002
525.51  2.1261E+002
525.56  2.0954E+002
525.61  2.0661E+002
525.66  2.1347E+002
525.71  2.2607E+002
525.76  2.3367E+002
525.81  2.3521E+002
525.86  2.2654E+002
525.91  2.1981E+002
525.96  2.2254E+002
526.01  2.2634E+002
526.06  2.2727E+002
526.11  2.3567E+002
526.16  2.4374E+002
526.21  2.4947E+002
526.26  2.5427E+002
526.32  2.6494E+002
526.37  2.6747E+002
526.42  2.6867E+002
526.47  2.6667E+002
526.52  2.6361E+002
526.57  2.5574E+002
526.62  2.5294E+002
526.67  2.5021E+002
526.72  2.5894E+002
526.77  2.8061E+002
526.82  3.0621E+002
526.87  3.3234E+002
526.92  3.5421E+002
526.97  3.6247E+002
527.02  3.5707E+002
527.07  3.4901E+002
527.12  3.4681E+002
527.17  3.5027E+002
527.22  3.4321E+002
527.28  3.3901E+002
527.33  3.4327E+002
527.38  3.4247E+002
527.43  3.3594E+002
527.48  3.4154E+002
527.53  3.4461E+002
527.58  3.4394E+002
527.63  3.4787E+002
527.68  3.4914E+002
527.73  3.4681E+002
527.78  3.5701E+002
527.83  3.6927E+002
527.88  3.8714E+002
527.93  4.1467E+002
527.98  4.4874E+002
528.03  4.7347E+002
528.08  4.9241E+002
528.13  4.9514E+002
528.18  4.8974E+002
528.24  4.8241E+002
528.29  4.8021E+002
528.34  4.8707E+002
528.39  5.0741E+002
528.44  5.3474E+002
528.49  5.5767E+002
528.54  5.7107E+002
528.59  5.7581E+002
528.64  5.7661E+002
528.69  5.6567E+002
528.74  5.5327E+002
528.79  5.5447E+002
528.84  5.6747E+002
528.89  5.8674E+002
528.94  6.1614E+002
528.99  6.4767E+002
529.04  6.8341E+002
529.09  7.1334E+002
529.14  7.3754E+002
529.19  7.7221E+002
529.25  8.1401E+002
529.30  8.4621E+002
529.35  8.7814E+002
529.40  9.0981E+002
529.45  9.4187E+002
529.50  9.5841E+002
529.55  9.7954E+002
529.60  1.0095E+003
529.65  1.0470E+003
529.70  1.0818E+003
529.75  1.1349E+003
529.80  1.2007E+003
529.85  1.2687E+003
529.90  1.3513E+003
529.95  1.4714E+003
530.00  1.6285E+003
530.05  1.7822E+003
530.10  1.9393E+003
530.15  2.0933E+003
530.21  2.1831E+003
530.26  2.2175E+003
530.31  2.2292E+003
530.36  2.2393E+003
530.41  2.2361E+003
530.46  2.3099E+003
530.51  2.4947E+003
530.56  2.8220E+003
530.61  3.2280E+003
530.66  3.6342E+003
530.71  3.9741E+003
530.76  4.2209E+003
530.81  4.3545E+003
530.86  4.4329E+003
530.91  4.5673E+003
530.96  4.7862E+003
531.01  5.0794E+003
531.06  5.4803E+003
531.11  6.0131E+003
531.16  6.6763E+003
531.22  7.4761E+003
531.27  8.5583E+003
531.32  9.9055E+003
531.37  1.1341E+004
531.42  1.2714E+004
531.47  1.3698E+004
531.52  1.4312E+004
531.57  1.4705E+004
531.62  1.4955E+004
531.67  1.5118E+004
531.72  1.5458E+004
531.77  1.5660E+004
531.82  1.5540E+004
531.87  1.5313E+004
531.92  1.4994E+004
531.97  1.4604E+004
532.02  1.4500E+004
532.07  1.4704E+004
532.12  1.4964E+004
532.17  1.5287E+004
532.23  1.5673E+004
532.28  1.5921E+004
532.33  1.6011E+004
532.38  1.6023E+004
532.43  1.5907E+004
532.48  1.5815E+004
532.53  1.5146E+004
532.58  1.4119E+004
532.63  1.2818E+004
532.68  1.1425E+004
532.73  9.7829E+003
532.78  8.6059E+003
532.83  7.6674E+003
532.88  6.9013E+003
532.93  6.2247E+003
532.98  5.6701E+003
533.03  5.1355E+003
533.08  4.6667E+003
533.13  4.2625E+003
533.18  3.9261E+003
533.24  3.6542E+003
533.29  3.4027E+003
533.34  3.1409E+003
533.39  2.8969E+003
533.44  2.6747E+003
533.49  2.4677E+003
533.54  2.3033E+003
533.59  2.1730E+003
533.64  2.0471E+003
533.69  1.9117E+003
533.74  1.7859E+003
533.79  1.6582E+003
533.84  1.5440E+003
533.89  1.4551E+003
533.94  1.4033E+003
533.99  1.3658E+003
534.04  1.3317E+003
534.09  1.2845E+003
534.14  1.2289E+003
534.19  1.1685E+003
534.25  1.1206E+003
534.30  1.0780E+003
534.35  1.0312E+003
534.40  9.8194E+002
534.45  9.3321E+002
534.50  8.7454E+002
534.55  8.2814E+002
534.60  8.1287E+002
534.65  7.9914E+002
534.70  7.8021E+002
534.75  7.6227E+002
534.80  7.4174E+002
534.85  7.1454E+002
534.90  6.9394E+002
534.95  6.7221E+002
535.00  6.4814E+002
535.05  6.2727E+002
535.10  6.0747E+002
535.15  5.8574E+002
535.20  5.7061E+002
535.25  5.6621E+002
535.31  5.5587E+002
535.36  5.4221E+002
535.41  5.3827E+002
535.46  5.3667E+002
535.51  5.3667E+002
535.56  5.4007E+002
535.61  5.3674E+002
535.66  5.2447E+002
535.71  5.0354E+002
535.76  4.7421E+002
535.81  4.5707E+002
535.86  4.3587E+002
535.91  4.1547E+002
535.96  4.0841E+002
536.01  3.9881E+002
536.06  3.7934E+002
536.11  3.7001E+002
536.16  3.6327E+002
536.21  3.5327E+002
536.26  3.4454E+002
536.31  3.3361E+002
536.37  3.3307E+002
536.42  3.2647E+002
536.47  3.1794E+002
536.52  3.1454E+002
536.57  3.2187E+002
536.62  3.2307E+002
536.67  3.3081E+002
536.72  3.2974E+002
536.77  3.2287E+002
536.82  3.1654E+002
536.87  3.0974E+002
536.92  2.9947E+002
536.97  2.9987E+002
537.02  3.0807E+002
537.07  3.1074E+002
537.12  3.1967E+002
537.17  3.3154E+002
537.22  3.4327E+002
537.27  3.4534E+002
537.32  3.4194E+002
537.37  3.3741E+002
537.43  3.3374E+002
537.48  3.3174E+002
537.53  3.4294E+002
537.58  3.5907E+002
537.63  3.6641E+002
537.68  3.7367E+002
537.73  3.8394E+002
537.78  3.8594E+002
537.83  3.8507E+002
537.88  3.8307E+002
537.93  3.7987E+002
537.98  3.6734E+002
538.03  3.6561E+002
538.08  3.6387E+002
538.13  3.6341E+002
538.18  3.6094E+002
538.23  3.5214E+002
538.28  3.3274E+002
538.33  3.2494E+002
538.38  3.2794E+002
538.43  3.2894E+002
538.49  3.3807E+002
538.54  3.5887E+002
538.59  3.6014E+002
538.64  3.4367E+002
538.69  3.3534E+002
538.74  3.3307E+002
538.79  3.1501E+002
538.84  3.0774E+002
538.89  3.1334E+002
538.94  3.1654E+002
538.99  3.1121E+002
539.04  3.1114E+002
539.09  3.1174E+002
539.14  3.1754E+002
539.19  3.2387E+002
539.24  3.3654E+002
539.29  3.5194E+002
539.34  3.6041E+002
539.39  3.6067E+002
539.44  3.5354E+002
539.49  3.4347E+002
539.54  3.3227E+002
539.60  3.2647E+002
539.65  3.2594E+002
539.70  3.2721E+002
539.75  3.3014E+002
539.80  3.3387E+002
539.85  3.3614E+002
539.90  3.3194E+002
539.95  3.3174E+002
540.00  3.2154E+002
540.05  3.0594E+002
540.10  2.9281E+002
540.15  2.8314E+002
540.20  2.7107E+002
540.25  2.7561E+002
540.30  2.8594E+002
540.35  2.9627E+002
540.40  3.0361E+002
540.45  3.1474E+002
540.50  3.1687E+002
540.55  3.1774E+002
540.60  3.2034E+002
540.65  3.3021E+002
540.71  3.3794E+002
540.76  3.4707E+002
540.81  3.6334E+002
540.86  3.8247E+002
540.91  4.0234E+002
540.96  4.4274E+002
541.01  5.0314E+002
541.06  5.7561E+002
541.11  6.6407E+002
541.16  7.7567E+002
541.21  8.7321E+002
541.26  9.3687E+002
541.31  9.5354E+002
541.36  9.1987E+002
541.41  8.3367E+002
541.46  7.2874E+002
541.51  6.2787E+002
541.56  5.4721E+002
541.61  4.8761E+002
541.66  4.5641E+002
541.71  4.3561E+002
541.76  4.1401E+002
541.81  3.9981E+002
541.87  3.8567E+002
541.92  3.6661E+002
541.97  3.4667E+002
542.02  3.4187E+002