 520.04  1.9827E+002
 520.09  2.0062E+002
 520.14  2.0228E+002
 520.19  2.0308E+002
 520.24  2.0877E+002
 520.29  2.1363E+002
 520.34  2.1964E+002
 520.39  2.2617E+002
 520.44  2.3243E+002
 520.49  2.3176E+002
 520.54  2.2902E+002
 520.59  2.2558E+002
 520.64  2.2643E+002
 520.69  2.2971E+002
 520.74  2.3752E+002
 520.79  2.4475E+002
 520.84  2.4877E+002
 520.89  2.4970E+002
 520.94  2.5029E+002
 520.99  2.4804E+002
 521.04  2.4246E+002
 521.09  2.3474E+002
 521.14  2.2443E+002
 521.19  2.1607E+002
 521.24  2.1070E+002
 521.29  2.1138E+002
 521.34  2.1646E+002
 521.39  2.2570E+002
 521.44  2.3637E+002
 521.49  2.4556E+002
 521.54  2.5057E+002
 521.59  2.5047E+002
 521.64  2.4774E+002
 521.69  2.4217E+002
 521.74  2.3681E+002
 521.79  2.3571E+002
 521.84  2.4170E+002
 521.89  2.4826E+002
 521.94  2.5023E+002
 521.99  2.4849E+002
 522.04  2.4420E+002
 522.09  2.3883E+002
 522.14  2.3565E+002
 522.19  2.3707E+002
 522.24  2.4007E+002
 522.29  2.4384E+002
 522.34  2.4968E+002
 522.39  2.5729E+002
 522.44  2.6560E+002
 522.49  2.7449E+002
 522.54  2.7921E+002
 522.59  2.7630E+002
 522.64  2.6735E+002
 522.69  2.5897E+002
 522.74  2.5263E+002
 522.79  2.4934E+002
 522.84  2.5208E+002
 522.89  2.6381E+002
 522.94  2.7971E+002
 522.99  2.9266E+002
 523.04  3.0021E+002
 523.09  3.0426E+002
 523.14  3.0746E+002
 523.19  3.0355E+002
 523.24  2.9812E+002
 523.29  2.9951E+002
 523.34  2.9991E+002
 523.39  3.0022E+002
 523.44  3.0547E+002
 523.49  3.1100E+002
 523.54  3.1470E+002
 523.59  3.1981E+002
 523.64  3.2014E+002
 523.69  3.1524E+002
 523.74  3.1332E+002
 523.79  3.1121E+002
 523.84  3.0789E+002
 523.89  3.0328E+002
 523.94  3.0049E+002
 523.99  3.0329E+002
 524.04  3.0889E+002
 524.09  3.2132E+002
 524.14  3.3308E+002
 524.19  3.4336E+002
 524.24  3.4360E+002
 524.29  3.4163E+002
 524.34  3.4011E+002
 524.39  3.3866E+002
 524.44  3.3186E+002
 524.49  3.2691E+002
 524.54  3.2128E+002
 524.59  3.1691E+002
 524.64  3.1859E+002
 524.69  3.2866E+002
 524.74  3.3755E+002
 524.79  3.4465E+002
 524.84  3.4519E+002
 524.89  3.4319E+002
 524.94  3.4003E+002
 524.99  3.3662E+002
 525.04  3.3470E+002
 525.09  3.3651E+002
 525.14  3.3609E+002
 525.19  3.3744E+002
 525.24  3.4612E+002
 525.29  3.5507E+002
 525.34  3.6117E+002
 525.39  3.6760E+002
 525.44  3.6947E+002
 525.49  3.6606E+002
 525.54  3.6419E+002
 525.59  3.6348E+002
 525.64  3.6164E+002
 525.69  3.6086E+002
 525.74  3.6233E+002
 525.79  3.6761E+002
 525.84  3.7040E+002
 525.89  3.7195E+002
 525.94  3.7502E+002
 525.99  3.7821E+002
 526.04  3.7830E+002
 526.09  3.7708E+002
 526.14  3.7709E+002
 526.19  3.7468E+002
 526.24  3.6534E+002
 526.29  3.5603E+002
 526.34  3.5628E+002
 526.39  3.6141E+002
 526.44  3.6788E+002
 526.49  3.8023E+002
 526.54  3.9423E+002
 526.59  4.0351E+002
 526.64  4.1231E+002
 526.69  4.3123E+002
 526.74  4.6235E+002
 526.79  4.9628E+002
 526.84  5.3128E+002
 526.89  5.6643E+002
 526.94  5.8784E+002
 526.99  5.9175E+002
 527.04  5.8812E+002
 527.09  5.8068E+002
 527.14  5.7136E+002
 527.19  5.6345E+002
 527.24  5.5819E+002
 527.29  5.5498E+002
 527.34  5.5050E+002
 527.39  5.4271E+002
 527.44  5.4099E+002
 527.49  5.4726E+002
 527.54  5.5694E+002
 527.59  5.6905E+002
 527.64  5.8159E+002
 527.69  5.9784E+002
 527.74  6.1832E+002
 527.79  6.3611E+002
 527.84  6.5766E+002
 527.89  6.8817E+002
 527.94  7.1978E+002
 527.99  7.4734E+002
 528.04  7.7644E+002
 528.09  8.0455E+002
 528.14  8.2563E+002
 528.19  8.4017E+002
 528.24  8.5503E+002
 528.29  8.7784E+002
 528.34  8.9801E+002
 528.39  9.1720E+002
 528.44  9.3867E+002
 528.49  9.5473E+002
 528.54  9.5690E+002
 528.59  9.5716E+002
 528.64  9.5871E+002
 528.69  9.5825E+002
 528.74  9.6164E+002
 528.79  9.7754E+002
 528.84  1.0067E+003
 528.89  1.0408E+003
 528.94  1.0732E+003
 528.99  1.1042E+003
 529.04  1.1392E+003
 529.09  1.1768E+003
 529.14  1.2237E+003
 529.19  1.2826E+003
 529.24  1.3475E+003
 529.29  1.4068E+003
 529.34  1.4621E+003
 529.39  1.5133E+003
 529.44  1.5654E+003
 529.49  1.6060E+003
 529.54  1.6553E+003
 529.59  1.7227E+003
 529.64  1.8024E+003
 529.69  1.8841E+003
 529.74  1.9878E+003
 529.79  2.1102E+003
 529.84  2.2375E+003
 529.89  2.3759E+003
 529.94  2.5702E+003
 529.99  2.8332E+003
 530.04  3.1112E+003
 530.09  3.3890E+003
 530.14  3.6633E+003
 530.19  3.8534E+003
 530.24  3.9507E+003
 530.29  4.0076E+003
 530.34  4.0476E+003
 530.39  4.0826E+003
 530.44  4.2175E+003
 530.49  4.5148E+003
 530.54  5.0145E+003
 530.59  5.6843E+003
 530.64  6.4019E+003
 530.69  7.0470E+003
 530.74  7.5499E+003
 530.79  7.8658E+003
 530.84  8.0420E+003
 530.89  8.2325E+003
 530.94  8.5637E+003
 530.99  9.0598E+003
 531.04  9.7224E+003
 531.09  1.0563E+004
 531.14  1.1588E+004 
 531.19  1.2713E+004
 531.24  1.3652E+004
 531.29  1.4347E+004
 531.34  1.4883E+004
 531.39  1.5164E+004
 531.44  1.5095E+004 
 531.49  1.4929E+004
 531.54  1.4913E+004
 531.59  1.4975E+004
 531.64  1.5094E+004
 531.69  1.5329E+004
 531.74  1.5598E+004
 531.79  1.5658E+004
 531.84  1.5498E+004
 531.89  1.5243E+004
 531.94  1.4910E+004
 531.99  1.4637E+004
 532.04  1.4646E+004
 532.09  1.4862E+004
 532.14  1.5131E+004
 532.19  1.5460E+004
 532.24  1.5790E+004
 532.29  1.5984E+004
 532.34  1.6052E+004
 532.39  1.6032E+004
 532.44  1.5930E+004
 532.49  1.5857E+004
 532.54  1.5828E+004
 532.59  1.5799E+004
 532.64  1.5547E+004
 532.69  1.4706E+004
 532.74  1.3882E+004
 532.79  1.3281E+004
 532.84  1.2398E+004
 532.89  1.1474E+004
 532.94  1.1042E+004
 532.99  1.0427E+004
 533.04  9.3501E+003
 533.09  8.4350E+003
 533.14  7.6887E+003
 533.19  7.0942E+003
 533.24  6.5791E+003
 533.29  6.1250E+003
 533.34  5.6955E+003
 533.39  5.2862E+003
 533.44  4.8752E+003
 533.49  4.4929E+003
 533.54  4.1590E+003
 533.59  3.8669E+003
 533.64  3.5971E+003
 533.69  3.3436E+003
 533.74  3.1180E+003
 533.79  2.9214E+003
 533.84  2.7440E+003
 533.89  2.6035E+003
 533.94  2.5081E+003
 533.99  2.4384E+003
 534.04  2.3659E+003
 534.09  2.2862E+003
 534.14  2.1927E+003
 534.19  2.0971E+003
 534.24  1.9910E+003
 534.29  1.8806E+003
 534.34  1.7784E+003
 534.39  1.7003E+003
 534.44  1.6264E+003
 534.49  1.5591E+003
 534.54  1.4996E+003
 534.59  1.4513E+003
 534.64  1.3885E+003
 534.69  1.3274E+003
 534.74  1.2775E+003
 534.79  1.2364E+003
 534.84  1.1990E+003
 534.89  1.1732E+003
 534.94  1.1473E+003
 534.99  1.1106E+003
 535.04  1.0724E+003
 535.09  1.0365E+003
 535.14  1.0048E+003
 535.19  9.7527E+002
 535.24  9.5053E+002
 535.29  9.2436E+002
 535.34  9.0274E+002
 535.39  8.9233E+002
 535.44  8.9437E+002
 535.49  9.0486E+002
 535.54  9.1546E+002
 535.59  9.1171E+002
 535.64  8.8461E+002
 535.69  8.3926E+002
 535.74  7.8836E+002
 535.79  7.5208E+002
 535.84  7.4013E+002
 535.89  7.4426E+002
 535.94  7.5538E+002
 535.99  7.6122E+002
 536.04  7.4938E+002
 536.09  7.2133E+002
 536.14  6.8291E+002
 536.19  6.3916E+002
 536.24  6.0271E+002
 536.29  5.7980E+002
 536.34  5.6017E+002
 536.39  5.4533E+002
 536.44  5.3787E+002
 536.49  5.2626E+002
 536.54  5.0754E+002
 536.59  4.9165E+002
 536.64  4.8392E+002
 536.69  4.8000E+002
 536.74  4.7856E+002
 536.79  4.8140E+002
 536.84  4.8917E+002
 536.89  4.9599E+002
 536.94  4.9617E+002
 536.99  4.9593E+002
 537.04  5.0062E+002
 537.09  5.0056E+002
 537.14  4.9548E+002
 537.19  4.9005E+002
 537.24  4.8415E+002
 537.29  4.7260E+002
 537.34  4.5829E+002
 537.39  4.4374E+002
 537.44  4.3382E+002
 537.49  4.2849E+002
 537.54  4.2186E+002
 537.59  4.1572E+002
 537.64  4.1144E+002
 537.69  4.0605E+002
 537.74  3.9974E+002
 537.79  3.9898E+002
 537.84  3.9773E+002
 537.89  3.9758E+002
 537.94  4.0094E+002
 537.99  4.0586E+002
 538.04  4.0931E+002
 538.09  4.1404E+002
 538.14  4.1872E+002
 538.19  4.2165E+002
 538.24  4.2084E+002
 538.29  4.2199E+002
 538.34  4.2735E+002
 538.39  4.3498E+002
 538.44  4.4005E+002
 538.49  4.4416E+002
 538.54  4.4091E+002
 538.59  4.3596E+002
 538.64  4.2817E+002
 538.69  4.1964E+002
 538.74  4.1110E+002
 538.79  4.0680E+002
 538.84  4.0506E+002
 538.89  4.0625E+002
 538.94  4.1411E+002
 538.99  4.2542E+002
 539.04  4.3149E+002
 539.09  4.3142E+002
 539.14  4.3096E+002
 539.19  4.2830E+002
 539.24  4.2160E+002
 539.29  4.2257E+002
 539.34  4.2180E+002
 539.39  4.1745E+002
 539.44  4.1147E+002
 539.49  4.0594E+002
 539.54  3.9416E+002
 539.59  3.8841E+002
 539.64  3.8611E+002
 539.69  3.8601E+002
 539.74  3.8707E+002
 539.79  3.8958E+002
 539.84  3.9229E+002
 539.89  3.9888E+002
 539.94  4.0492E+002
 539.99  4.0771E+002
 540.04  4.1397E+002
 540.09  4.1906E+002
 540.14  4.1799E+002
 540.19  4.1270E+002
 540.24  4.1007E+002
 540.29  4.0434E+002
 540.34  3.9844E+002
 540.39  3.9719E+002
 540.44  3.9841E+002
 540.49  3.9745E+002
 540.54  3.9802E+002
 540.59  4.0215E+002
 540.64  4.0725E+002
 540.69  4.1067E+002
 540.74  4.1328E+002
 540.79  4.1513E+002
 540.84  4.1312E+002
 540.89  4.0668E+002
 540.94  3.9928E+002
 540.99  3.9414E+002
 541.04  3.9104E+002
 541.09  3.8767E+002
 541.14  3.8486E+002
 541.19  3.8297E+002
 541.24  3.8041E+002
 541.29  3.7518E+002
 541.34  3.6983E+002
 541.39  3.6609E+002
 541.44  3.6296E+002
 541.49  3.6062E+002
 541.54  3.5768E+002
 541.59  3.5478E+002
 541.64  3.5189E+002
 541.69  3.4957E+002
 541.74  3.4848E+002
 541.79  3.4876E+002
 541.84  3.5025E+002
 541.89  3.4973E+002
 541.94  3.4798E+002
 541.99  3.4867E+002
 542.04  3.5292E+002