 546.54  2.7616E+002
 546.59  2.8416E+002
 546.64  3.0795E+002
 546.69  3.4531E+002
 546.74  3.9128E+002
 546.79  4.5848E+002
 546.84  5.7212E+002
 546.89  7.7912E+002
 546.94  1.1407E+003
 546.99  1.6912E+003
 547.04  2.3864E+003
 547.09  3.0901E+003
 547.14  3.6279E+003
 547.19  3.8581E+003
 547.24  3.7217E+003
 547.29  3.2685E+003
 547.34  2.6451E+003
 547.39  2.0140E+003
 547.44  1.4798E+003
 547.49  1.0827E+003
 547.54  8.1285E+002
 547.59  6.3385E+002
 547.64  5.1177E+002
 547.69  4.2828E+002
 547.74  3.7771E+002
 547.79  3.4903E+002
 547.84  3.2955E+002
 547.89  3.1894E+002
 547.94  3.1488E+002
 547.99  3.0486E+002
 548.04  2.8750E+002