540.50  3.1687E+002
540.55  3.1774E+002
540.60  3.2034E+002
540.65  3.3021E+002
540.71  3.3794E+002
540.76  3.4707E+002
540.81  3.6334E+002
540.86  3.8247E+002
540.91  4.0234E+002
540.96  4.4274E+002
541.01  5.0314E+002
541.06  5.7561E+002
541.11  6.6407E+002
541.16  7.7567E+002
541.21  8.7321E+002
541.26  9.3687E+002
541.31  9.5354E+002
541.36  9.1987E+002
541.41  8.3367E+002
541.46  7.2874E+002
541.51  6.2787E+002
541.56  5.4721E+002
541.61  4.8761E+002
541.66  4.5641E+002
541.71  4.3561E+002
541.76  4.1401E+002
541.81  3.9981E+002
541.87  3.8567E+002
541.92  3.6661E+002
541.97  3.4667E+002
542.02  3.4187E+002
542.07  3.3587E+002
542.12  3.3627E+002
542.17  3.3734E+002
542.22  3.3114E+002
542.27  3.1987E+002
542.32  3.0861E+002
542.37  2.9807E+002
542.42  2.8541E+002
542.47  2.7467E+002
542.52  2.6087E+002