 1500 
6
 270 
 420 
 10 
 2 
 450 
vesikel
13:44
m7
 0 
0
0
 0 
M7ABS.txt
 0 
 20 
 30 
 1000 
 0 
 300 
01-09-2012
 362 
 422 
 377 
 407 
 363 
 407 
 363 
 386 
 361 
 374 
 360 
 361 
 369 
 360 
 391 
 364 
 402 
 383 
 389 
 361 
 377 
 363 
 400 
 348 
 397 
 357 
 395 
 355 
 383 
 353 
 404 
 341 
 378 
 306 
 390 
 349 
 399 
 368 
 387 
 356 
 396 
 364 
 385 
 366 
 466 
 379 
 380 
 381 
 389 
 379 
 397 
 377 
 394 
 374 
 392 
 373 
 369 
 372 
 389 
 370 
 386 
 411 
 394 
 354 
 382 
 354 
 380 
 342 
 369 
 340 
 376 
 348 
 374 
 357 
 373 
 354 
 370 
 332 
 349 
 331 
 366 
 327 
 364 
 349 
 362 
 337 
 371 
 342 
 359 
 340 
 377 
 348 
 357 
 365 
 356 
 354 
 354 
 370 
 351 
 350 
 314 
 357 
 350 
 356 
 323 
 362 
 328 
 352 
 373 
 396 
 344 
 393 
 342 
 320 
 323 
 355 
 320 
 352 
 328 
 386 
 336 
 365 
 334 
 365 
 314 
 347 
 348 
 354 
 346 
 344 
 328 
 343 
 326 
 358 
 326 
 331 
 324 
 365 
 332 
 370 
 338 
 367 
 345 
 356 
 352 
 314 
 333 
 363 
 332 
 354 
 331 
 358 
 329 
 358 
 319 
 354 
 342 
 355 
 339 
 370 
 354 
 353 
 353 
 354 
 335 
 351 
 333 
 351 
 341 
 349 
 347 
 363 
 362 
 330 
 360 
 359 
 343 
 335 
 357 
 337 
 341 
 342 
 355 
 348 
 400 
 341 
 382 
 338 
 381 
 352 
 394 
 358 
 394 
 349 
 377 
 364 
 391 
 356 
 380 
 362 
 381 
 345 
 374 
 367 
 386 
 365 
 385 
 357 
 386 
 387 
 378 
 372 
 384 
 363 
 382 
 353 
 383 
 341 
 360 
 341 
 360 
 348 
 382 
 370 
 396 
 385 
 382 
 384 
 394 
 382 
 423 
 374 
 407 
 381 
 423 
 394 
 443 
 394 
 420 
 393 
 405 
 377 
 404 
 390 
 410 
 404 
 432 
 403 
 423 
 422 
 429 
 442 
 465 
 385 
 427 
 453 
 468 
 453 
 440 
 451 
 438 
 451 
 438 
 437 
 438 
 450 
 438 
 434 
 423 
 453 
 427 
 445 
 439 
 450 
 426 
 456 
 424 
 470 
 431 
 469 
 443 
 481 
 448 
 480 
 453 
 479 
 474 
 490 
 487 
 490 
 479 
 487 
 462 
 528 
 475 
 513 
 489 
 486 
 474 
 477 
 472 
 484 
 478 
 496 
 491 
 508 
 483 
 507 
 482 
 504 
 508 
 523 
 474 
 511 
 490 
 508 
 476 
 500 
 482 
 491 
 487 
 505 
 499 
 509 
 510 
 520 
 522 
 545 
 534 
 556 
 547 
 561 
 512 
 535 
 519 
 553 
 511 
 546 
 522 
 564 
 540 
 564 
 579 
 574 
 564 
 587 
 581 
 602 
 580 
 609 
 590 
 616 
 609 
 608 
 593 
 614 
 602 
 621 
 618 
 629 
 627 
 640 
 626 
 627 
 624 
 627 
 636 
 626 
 621 
 625 
 638 
 638 
 630 
 617 
 620 
 597 
 618 
 621 
 661 
 645 
 679 
 659 
 672 
 646 
 667 
 669 
 690 
 667 
 714 
 704 
 712 
 702 
 723 
 677 
 711 
 689 
 709 
 688 
 708 
 687 
 702 
 726 
 755 
 738 
 759 
 748 
 779 
 735 
 774 
 759 
 769 
 765 
 789 
 777 
 793 
 759 
 752 
 757 
 780 
 757 
 793 
 745 
 768 
 776 
 812 
 821 
 836 
 823 
 825 
 815 
 830 
 821 
 842 
 820 
 830 
 829 
 854 
 847 
 868 
 858 
 865 
 873 
 875 
 860 
 868 
 874 
 879 
 862 
 907 
 893 
 921 
 914 
 909 
 914 
 928 
 889 
 936 
 933 
 970 
 939 
 973 
 965 
 985 
 965 
 998 
 1013 
 1010 
 1004 
 1031 
 996 
 1031 
 1008 
 1033 
 1059 
 1074 
 1047 
 1061 
 1047 
 1056 
 1031 
 1074 
 1087 
 1117 
 1116 
 1120 
 1126 
 1151 
 1175 
 1154 
 1163 
 1166 
 1163 
 1209 
 1212 
 1265 
 1298 
 1267 
 1257 
 1263 
 1280 
 1281 
 1286 
 1289 
 1341 
 1351 
 1375 
 1338 
 1404 
 1375 
 1412 
 1349 
 1351 
 1347 
 1389 
 1383 
 1418 
 1394 
 1406 
 1412 
 1472 
 1445 
 1460 
 1445 
 1480 
 1494 
 1476 
 1485 
 1508 
 1497 
 1542 
 1535 
 1557 
 1531 
 1514 
 1480 
 1506 
 1508 
 1524 
 1492 
 1499 
 1571 
 1621 
 1589 
 1572 
 1558 
 1600 
 1592 
 1580 
 1542 
 1575 
 1592 
 1602 
 1578 
 1614 
 1609 
 1621 
 1574 
 1628 
 1632 
 1650 
 1645 
 1670 
 1650 
 1617 
 1576 
 1596 
 1586 
 1605 
 1609 
 1640 
 1652 
 1657 
 1650 
 1643 
 1642 
 1669 
 1650 
 1660 
 1680 
 1671 
 1652 
 1673 
 1668 
 1672 
 1652 
 1673 
 1663 
 1659 
 1663 
 1684 
 1689 
 1723 
 1708 
 1689 
 1662 
 1667 
 1672 
 1686 
 1677 
 1693 
 1690 
 1699 
 1719 
 1712 
 1721 
 1741 
 1743 
 1748 
 1772 
 1765 
 1757 
 1725 
 1722 
 1696 
 1742 
 1755 
 1741 
 1779 
 1810 
 1790 
 1792 
 1788 
 1796 
 1800 
 1797 
 1834 
 1841 
 1839 
 1860 
 1862 
 1866 
 1894 
 1874 
 1908 
 1938 
 1943 
 1939 
 1946 
 1976 
 1992 
 2032 
 2029 
 2032 
 2063 
 2076 
 2055 
 2071 
 2081 
 2128 
 2128 
 2102 
 2102 
 2112 
 2099 
 2110 
 2107 
 2112 
 2169 
 2215 
 2195 
 2155 
 2215 
 2203 
 2201 
 2203 
 2236 
 2294 
 2323 
 2349 
 2339 
 2363 
 2360 
 2352 
 2366 
 2382 
 2353 
 2356 
 2357 
 2393 
 2399 
 2412 
 2436 
 2484 
 2488 
 2488 
 2477 
 2500 
 2497 
 2522 
 2503 
 2530 
 2551 
 2555 
 2552 
 2491 
 2495 
 2501 
 2500 
 2510 
 2531 
 2542 
 2549 
 2561 
 2553 
 2568 
 2590 
 2605 
 2555 
 2578 
 2573 
 2572 
 2541 
 2556 
 2537 
 2565 
 2555 
 2548 
 2519 
 2548 
 2542 
 2525 
 2528 
 2540 
 2558 
 2586 
 2556 
 2534 
 2528 
 2512 
 2507 
 2479 
 2495 
 2486 
 2499 
 2494 
 2493 
 2493 
 2466 
 2441 
 2436 
 2402 
 2361 
 2343 
 2323 
 2314 
 2320 
 2335 
 2349 
 2364 
 2378 
 2379 
 2367 
 2375 
 2353 
 2343 
 2330 
 2344 
 2349 
 2350 
 2359 
 2335 
 2339 
 2315 
 2305 
 2247 
 2261 
 2227 
 2225 
 2226 
 2252 
 2243 
 2256 
 2245 
 2245 
 2221 
 2238 
 2232 
 2249 
 2243 
 2246 
 2280 
 2281 
 2264 
 2276 
 2270 
 2285 
 2276 
 2294 
 2297 
 2325 
 2330 
 2320 
 2321 
 2322 
 2330 
 2343 
 2365 
 2337 
 2347 
 2346 
 2378 
 2418 
 2438 
 2423 
 2414 
 2421 
 2387 
 2412 
 2414 
 2442 
 2437 
 2459 
 2482 
 2505 
 2526 
 2570 
 2590 
 2590 
 2579 
 2592 
 2603 
 2632 
 2653 
 2651 
 2656 
 2659 
 2689 
 2703 
 2733 
 2771 
 2804 
 2824 
 2840 
 2869 
 2890 
 2917 
 2935 
 2940 
 2970 
 3011 
 3016 
 3029 
 3068 
 3106 
 3096 
 3106 
 3114 
 3181 
 3207 
 3232 
 3241 
 3294 
 3311 
 3394 
 3416 
 3466 
 3488 
 3489 
 3484 
 3488 
 3479 
 3523 
 3546 
 3514 
 3487 
 3517 
 3532 
 3562 
 3585 
 3629 
 3617 
 3627 
 3612 
 3636 
 3657 
 3686 
 3674 
 3699 
 3661 
 3700 
 3719 
 3702 
 3718 
 3675 
 3658 
 3647 
 3648 
 3651 
 3685 
 3661 
 3630 
 3619 
 3621 
 3642 
 3605 
 3594 
 3627 
 3655 
 3603 
 3609 
 3569 
 3535 
 3532 
 3544 
 3536 
 3470 
 3480 
 3465 
 3477 
 3430 
 3421 
 3402 
 3336 
 3278 
 3230 
 3220 
 3201 
 3182 
 3174 
 3171 
 3174 
 3174 
 3130 
 3130 
 3128 
 3089 
 3065 
 3051 
 3051 
 3011 
 2993 
 2955 
 2940 
 2947 
 2909 
 2869 
 2856 
 2828 
 2818 
 2800 
 2793 
 2755 
 2758 
 2762 
 2747 
 2697 
 2667 
 2641 
 2644 
 2622 
 2616 
 2580 
 2584 
 2582 
 2593 
 2565 
 2580 
 2554 
 2552 
 2554 
 2529 
 2499 
 2496 
 2470 
 2463 
 2453 
 2442 
 2417 
 2432 
 2432 
 2416 
 2376 
 2384 
 2369 
 2348 
 2328 
 2348 
 2307 
 2306 
 2302 
 2334 
 2330 
 2344 
 2307 
 2272 
 2268 
 2282 
 2249 
 2249 
 2257 
 2271 
 2279 
 2312 
 2307 
 2310 
 2318 
 2327 
 2303 
 2289 
 2281 
 2309 
 2346 
 2368 
 2396 
 2385 
 2397 
 2388 
 2343 
 2307 
 2319 
 2344 
 2368 
 2389 
 2410 
 2434 
 2466 
 2478 
 2491 
 2471 
 2486 
 2460 
 2448 
 2473 
 2532 
 2559 
 2580 
 2582 
 2586 
 2602 
 2635 
 2674 
 2665 
 2681 
 2730 
 2746 
 2769 
 2746 
 2746 
 2764 
 2769 
 2819 
 2821 
 2807 
 2821 
 2838 
 2861 
 2884 
 2896 
 2930 
 2948 
 2964 
 2964 
 2976 
 2984 
 2989 
 3026 
 3053 
 3100 
 3085 
 3103 
 3107 
 3125 
 3114 
 3097 
 3099 
 3115 
 3104 
 3140 
 3148 
 3155 
 3155 
 3182 
 3198 
 3232 
 3229 
 3228 
 3210 
 3189 
 3206 
 3212 
 3216 
 3227 
 3230 
 3257 
 3251 
 3250 
 3251 
 3264 
 3264 
 3245 
 3228 
 3205 
 3191 
 3191 
 3164 
 3164 
 3137 
 3099 
 3109 
 3090 
 3092 
 3051 
 3008 
 2994 
 2931 
 2934 
 2926 
 2879 
 2867 
 2841 
 2810 
 2768 
 2740 
 2698 
 2668 
 2635 
 2583 
 2548 
 2519 
 2474 
 2474 
 2465 
 2433 
 2433 
 2407 
 2356 
 2325 
 2292 
 2277 
 2232 
 2160 
 2129 
 2139 
 2088 
 2036 
 2026 
 1983 
 1963 
 1902 
 1834 
 1801 
 1784 
 1758 
 1705 
 1663 
 1603 
 1585 
 1552 
 1524 
 1488 
 1465 
 1446 
 1428 
 1386 
 1352 
 1319 
 1313 
 1239 
 1242 
 1181 
 1184 
 1135 
 1123 
 1080 
 1098 
 1038 
 1052 
 1011 
 1021 
 990 
 968 
 927 
 918 
 883 
 894 
 864 
 860 
 836 
 841 
 818 
 800 
 782 
 777 
 742 
 739 
 704 
 710 
 685 
 682 
 626 
 660 
 630 
 641 
 586 
 606 
 569 
 594 
 588 
 566 
 538 
 545 
 538 
 545 
 528 
 527 
 490 
 503 
 490 
 489 
 471 
 469 
 442 
 440 
 413 
 429 
 402 
 410 
 396 
 410 
 392 
 390 
 373 
 371 
 381 
 374 
 361 
 368 
 351 
 368 
 360 
 358 
 341 
 339 
 327 
 347 
 331 
 348 
 329 
 336 
 310 
 318 
 310 
 317 
 309 
 326 
 309 
 316 
 290 
 307 
 290 
 297 
 281 
 307 
 290 
 308 
 291 
 299 
 272 
 289 
 273 
 290 
 268 
 281 
 273 
 292 
 264 
 273 
 261 
 273 
 256 
 273 
 220 
 265 
 253 
 275 
 250 
 265 
 243 
 257 
 235 
 225 
 240 
 254 
 236 
 254 
 246 
 255 
 238 
 246 
 228 
 247 
 249 
 244 
 230 
 249 
 221 
 230 
 212 
 231 
 222 
 232 
 222 
 237 
 223 
 233 
 214 
 223 
 224 
 234 
 224 
 234 
 224 
 253 
 225 
 214 
 225 
 235 
 225 
 235 
 235 
 240 
 216 
 237 
 227 
 237 
 227 
 217 
 227 
 227 
 226 
 227 
 237 
 226 
 226 
 217 
 216 
 217 
 236 
 231 
 235 
 227 
 226 
 227 
 240 
 245 
 235 
 235 
 244 
 245 
 239 
 226 
 244 
 226 
 253 
 206 
 255 
 226 
 254 
 226 
 235 
 226 
 254 
 226 
 255 
 237 
 255 
 212 
 245 
 227 
 254 
 226 
 245 
 227 
 255 
 232 
 246 
 227 
 261 
 237 
 256 
 238 
 256 
 248 
 256 
 248 
 256 
 248 
 261 
 248 
 256 
 249 
 267 
 248 
 267 
 229 
 253 
 229 
 258 
 235 
 259 
 230 
 240 
 240 
 240 
 240 
 259 
 230 
 240 
 231 
 247 
 231 
 241 
 242 
 272 
 268 
 272 
 249 
 263 
 244 
 263 
 244 
 254 
 225 
 245 
 231 
 246 
 227 
 253 
 239 
 269 
 249 
 263 
 249 
 269 
 250 
 268 
 250 
 280 
 272 
 271 
 252 
 261 
 242 
 256 
 242 
 262 
 232 
 241 
 216 
 231 
 216 
 242 
 231 
 240 
 231 
 240 
 231 
 251 
 226 
 241 
 232 
 252 
 237 
 251 
 236 
 250 
 230 
 255 
 241 
 260 
 245 
 249 
 235 
 260 
 250 
 270 
 245 
 260 
 235 
 249 
 230 
 249 
 240 
 270 
 271 
 280 
 270 
 261 
 251 
 260 
 231 
 251 
 230 
 261 
 251 
 271 
 257 
 273 
 259 
 274 
