 1500 
6
 380 
 530 
 10 
 1 
 450 
vesikel
14:05
m7
 0 
0
0
 0 
M7EMSNON.txt
 0 
 20 
 30 
 1000 
 0 
 360 
01-09-2012
 1389 
 1419 
 1451 
 1436 
 1384 
 1401 
 1489 
 1528 
 1615 
 1674 
 1756 
 1813 
 1793 
 1723 
 1642 
 1485 
 1378 
 1288 
 1189 
 1115 
 1078 
 1051 
 1028 
 1004 
 1038 
 1098 
 1152 
 1240 
 1247 
 1269 
 1239 
 1256 
 1335 
 1420 
 1338 
 1282 
 1288 
 1379 
 1410 
 1326 
 1264 
 1232 
 1223 
 1202 
 1200 
 1228 
 1247 
 1232 
 1225 
 1231 
 1301 
 1308 
 1301 
 1240 
 1220 
 1207 
 1171 
 1186 
 1142 
 1081 
 1041 
 1011 
 1057 
 1063 
 1096 
 1141 
 1173 
 1191 
 1148 
 1063 
 1011 
 985 
 934 
 924 
 971 
 1079 
 1095 
 1073 
 1101 
 1101 
 1116 
 1165 
 1209 
 1225 
 1240 
 1216 
 1204 
 1209 
 1235 
 1200 
 1140 
 1096 
 1056 
 1018 
 1034 
 1044 
 1053 
 1027 
 1067 
 1212 
 1272 
 1237 
 1198 
 1173 
 1095 
 1046 
 1005 
 972 
 942 
 885 
 821 
 754 
 697 
 659 
 745 
 812 
 935 
 980 
 1084 
 1101 
 1093 
 1157 
 1233 
 1288 
 1283 
 1288 
 1301 
 1367 
 1423 
 1486 
 1564 
 1555 
 1495 
 1480 
 1491 
 1461 
 1401 
 1385 
 1345 
 1310 
 1302 
 1316 
 1313 
 1301 
 1411 
 1475 
 1436 
 1343 
 1308 
 1293 
 1329 
 1415 
 1515 
 1742 
 1979 
 2088 
 2121 
 2099 
 2033 
 1918 
 1843 
 1733 
 1648 
 1563 
 1602 
 1796 
 1847 
 1897 
 1880 
 1911 
 1830 
 1758 
 1670 
 1636 
 1630 
 1617 
 1562 
 1495 
 1515 
 1561 
 1629 
 1657 
 1657 
 1673 
 1650 
 1668 
 1615 
 1569 
 1530 
 1621 
 1681 
 1659 
 1576 
 1540 
 1496 
 1404 
 1393 
 1354 
 1285 
 1275 
 1335 
 1470 
 1589 
 1604 
 1685 
 1755 
 1808 
 1811 
 1818 
 1870 
 1877 
 1986 
 2064 
 2090 
 2026 
 1951 
 1939 
 1935 
 1932 
 1885 
 1837 
 1793 
 1856 
 1960 
 2095 
 2258 
 2301 
 2271 
 2301 
 2297 
 2282 
 2262 
 2225 
 2224 
 2286 
 2347 
 2556 
 2658 
 2698 
 2735 
 2736 
 2676 
 2660 
 2698 
 2683 
 2566 
 2410 
 2300 
 2259 
 2277 
 2252 
 2324 
 2363 
 2371 
 2344 
 2277 
 2266 
 2321 
 2370 
 2399 
 2439 
 2453 
 2393 
 2262 
 2234 
 2187 
 2244 
 2328 
 2395 
 2451 
 2606 
 2624 
 2584 
 2560 
 2420 
 2328 
 2377 
 2345 
 2371 
 2496 
 2471 
 2437 
 2448 
 2517 
 2619 
 2738 
 2793 
 2839 
 2741 
 2687 
 2604 
 2673 
 2733 
 2699 
 2626 
 2620 
 2594 
 2579 
 2591 
 2572 
 2547 
 2506 
 2475 
 2708 
 2749 
 2790 
 2920 
 2930 
 3090 
 3305 
 3529 
 3638 
 3612 
 3518 
 3418 
 3438 
 3374 
 3316 
 3221 
 3306 
 3415 
 3472 
 3457 
 3335 
 3261 
 3274 
 3368 
 3344 
 3453 
 3526 
 3723 
 3845 
 3803 
 3760 
 3690 
 3736 
 3742 
 3689 
 3699 
 3604 
 3495 
 3357 
 3221 
 3127 
 3043 
 3011 
 3127 
 3371 
 3514 
 3558 
 3523 
 3375 
 3202 
 3143 
 3151 
 3115 
 3055 
 2973 
 2966 
 2995 
 2991 
 3043 
 3207 
 3224 
 3278 
 3200 
 3325 
 3387 
 3365 
 3368 
 3491 
 3552 
 3523 
 3575 
 3533 
 3490 
 3432 
 3352 
 3383 
 3349 
 3289 
 3314 
 3330 
 3356 
 3326 
 3361 
 3468 
 3555 
 3548 
 3616 
 3613 
 3528 
 3276 
 3235 
 3166 
 3038 
 2891 
 2784 
 2743 
 2746 
 2705 
 2642 
 2529 
 2513 
 2548 
 2529 
 2548 
 2607 
 2617 
 2644 
 2760 
 3174 
 3747 
 3902 
 3903 
 3901 
 3916 
 3859 
 3855 
 3792 
 3680 
 3614 
 3533 
 3391 
 3257 
 3089 
 3006 
 3032 
 2953 
 2928 
 2990 
 2924 
 2855 
 2828 
 2727 
 2708 
 2733 
 2859 
 2879 
 2891 
 2843 
 2919 
 3067 
 3150 
 3235 
 3284 
 3240 
 3238 
 3235 
 3234 
 3240 
 3242 
 3276 
 3398 
 3489 
 3488 
 3588 
 3583 
 3514 
 3304 
 3265 
 3238 
 3276 
 3284 
 3410 
 3469 
 3441 
 3401 
 3317 
 3233 
 3154 
 3082 
 3056 
 3013 
 2884 
 2876 
 2856 
 2926 
 2962 
 3052 
 3125 
 3140 
 3250 
 3242 
 3190 
 3188 
 3304 
 3595 
 3596 
 3567 
 3506 
 3390 
 3279 
 3223 
 3183 
 3166 
 3189 
 3219 
 3189 
 3142 
 3136 
 3164 
 3293 
 3352 
 3420 
 3456 
 3435 
 3386 
 3285 
 3242 
 3138 
 3170 
 3163 
 3141 
 3110 
 2976 
 2827 
 2747 
 2586 
 2487 
 2435 
 2421 
 2464 
 2758 
 2943 
 3136 
 3338 
 3386 
 3295 
 3231 
 3362 
 3571 
 3621 
 3694 
 3701 
 3684 
 3592 
 3522 
 3521 
 3437 
 3308 
 3162 
 3057 
 3021 
 3056 
 3100 
 3174 
 3109 
 3083 
 3190 
 3219 
 3257 
 3212 
 3295 
 3332 
 3342 
 3336 
 3391 
 3468 
 3465 
 3472 
 3405 
 3441 
 3448 
 3513 
 3613 
 3699 
 3784 
 3949 
 4005 
 3926 
 3878 
 3917 
 3944 
 3926 
 3836 
 3765 
 3590 
 3467 
 3449 
 3374 
 3265 
 3176 
 3044 
 2969 
 2994 
 3142 
 3138 
 3048 
 3167 
 3387 
 3421 
 3336 
 3265 
 3265 
 3213 
 3157 
 3114 
 3042 
 2970 
 2922 
 2896 
 2837 
 2849 
 2877 
 2983 
 2915 
 2797 
 2705 
 2711 
 2728 
 2777 
 2746 
 2760 
 2757 
 2749 
 2719 
 2685 
 2623 
 2447 
 2329 
 2248 
 2197 
 2205 
 2284 
 2362 
 2377 
 2378 
 2348 
 2366 
 2362 
 2431 
 2626 
 2727 
 2872 
 2934 
 2839 
 2736 
 2642 
 2727 
 2875 
 2974 
 2994 
 2971 
 2938 
 2909 
 2883 
 2804 
 2708 
 2724 
 2676 
 2661 
 2702 
 2652 
 2636 
 2563 
 2496 
 2558 
 2572 
 2532 
 2478 
 2476 
 2447 
 2446 
 2470 
 2501 
 2470 
 2484 
 2362 
 2262 
 2173 
 2066 
 2010 
 2059 
 2140 
 2168 
 2095 
 2045 
 2064 
 2031 
 2022 
 2088 
 2154 
 2254 
 2295 
 2382 
 2513 
 2539 
 2605 
 2576 
 2553 
 2576 
 2604 
 2573 
 2619 
 2636 
 2591 
 2513 
 2475 
 2417 
 2412 
 2407 
 2405 
 2388 
 2382 
 2370 
 2362 
 2368 
 2379 
 2347 
 2362 
 2335 
 2371 
 2372 
 2345 
 2345 
 2371 
 2422 
 2522 
 2804 
 3056 
 3078 
 3023 
 2944 
 2815 
 2695 
 2506 
 2328 
 2173 
 2175 
 2182 
 2283 
 2251 
 2265 
 2281 
 2333 
 2503 
 2589 
 2652 
 2736 
 2714 
 2673 
 2664 
 2705 
 2593 
 2511 
 2512 
 2466 
 2398 
 2441 
 2519 
 2525 
 2689 
 2676 
 2603 
 2494 
 2417 
 2362 
 2343 
 2300 
 2294 
 2252 
 2263 
 2349 
 2362 
 2310 
 2310 
 2394 
 2428 
 2479 
 2599 
 2632 
 2535 
 2441 
 2399 
 2297 
 2187 
 2189 
 2378 
 2482 
 2680 
 2752 
 2771 
 2672 
 2545 
 2413 
 2360 
 2469 
 2562 
 2607 
 2578 
 2507 
 2460 
 2503 
 2515 
 2516 
 2446 
 2422 
 2462 
 2488 
 2443 
 2382 
 2359 
 2300 
 2253 
 2165 
 2100 
 2139 
 2225 
 2297 
 2414 
 2413 
 2351 
 2397 
 2481 
 2444 
 2362 
 2259 
 2367 
 2395 
 2402 
 2337 
 2246 
 2149 
 2109 
 2144 
 2197 
 2243 
 2222 
 2198 
 2256 
 2409 
 2553 
 2636 
 2566 
 2432 
 2343 
 2323 
 2314 
 2300 
 2244 
 2243 
 2420 
 2513 
 2417 
 2321 
 2218 
 2182 
 2173 
 2163 
 2224 
 2332 
 2312 
 2357 
 2328 
 2351 
 2312 
 2238 
 2231 
 2257 
 2340 
 2370 
 2397 
 2384 
 2325 
 2247 
 2184 
 2160 
 2132 
 2106 
 2078 
 2073 
 1998 
 1944 
 1932 
 1927 
 1946 
 1948 
 2017 
 2114 
 2132 
 2252 
 2323 
 2396 
 2316 
 2227 
 2177 
 2222 
 2205 
 2173 
 2102 
 2071 
 2059 
 2078 
 2087 
 2137 
 2173 
 2116 
 2017 
 1958 
 1923 
 1918 
 2007 
 1988 
 1963 
 1927 
 1941 
 1927 
 2331 
 2796 
 2884 
 2830 
 2743 
 2632 
 2579 
 2484 
 2345 
 2348 
 2406 
 2424 
 2432 
 2377 
 2337 
 2267 
 2215 
 2133 
 2033 
 1969 
 1918 
 1814 
 1717 
 1596 
 1519 
 1510 
 1504 
 1502 
 1503 
 1530 
 1570 
 1530 
 1487 
 1467 
 1537 
 1546 
 1608 
 1634 
 1646 
 1746 
 1787 
 1830 
 1798 
 1842 
 1904 
 1934 
 1927 
 1913 
 1925 
 1962 
 2043 
 2095 
 2168 
 2154 
 2146 
 2040 
 1899 
 1738 
 1713 
 1680 
 1704 
 1686 
 1713 
 1757 
 1791 
 1787 
 1828 
 1827 
 1885 
 1894 
 1876 
 1908 
 1925 
 1865 
 1814 
 1801 
 1750 
 1729 
 1663 
 1587 
 1504 
 1509 
 1606 
 1651 
 1759 
 1832 
 1813 
 1762 
 1733 
 1695 
 1644 
 1647 
 1753 
 1717 
 1702 
 1583 
 1602 
 1546 
 1523 
 1510 
 1541 
 1602 
 1661 
 1683 
 1783 
 1908 
 2031 
 2026 
 1946 
 1887 
 1787 
 1762 
 1837 
 1861 
 1847 
 1908 
 1998 
 1950 
 1859 
 1794 
 1689 
 1553 
 1480 
 1401 
 1332 
 1434 
 1478 
 1515 
 1530 
 1610 
 1640 
 1662 
 1649 
 1672 
 1761 
 1788 
 1780 
 1745 
 1681 
 1655 
 1629 
 1630 
 1630 
 1631 
 1617 
 1564 
 1491 
 1501 
 1487 
 1397 
 1299 
 1232 
 1282 
 1259 
 1206 
 1209 
 1192 
 1174 
 1206 
 1175 
 1184 
 1165 
 1225 
 1316 
 1381 
 1335 
 1318 
 1417 
 1527 
 1543 
 1486 
 1468 
 1469 
 1456 
 1433 
 1425 
 1491 
 1545 
 1515 
 1467 
 1401 
 1367 
 1387 
 1371 
 1480 
 1512 
 1515 
 1444 
 1530 
 1712 
 1744 
 1707 
 1685 
 1676 
 1687 
 1685 
 1683 
 1704 
 1805 
 1932 
 1949 
 1870 
 1777 
 1653 
 1570 
 1530 
 1489 
 1422 
 1376 
 1319 
 1293 
 1278 
 1266 
 1258 
 1235 
 1202 
 1208 
 1237 
 1247 
 1267 
 1264 
 1313 
 1341 
 1346 
 1370 
 1406 
 1472 
 1463 
 1524 
 1453 
 1363 
 1280 
 1226 
 1136 
 1040 
 1002 
 986 
 974 
 1031 
 1086 
 1117 
 1086 
 1076 
 1143 
 1209 
 1255 
 1247 
 1235 
 1332 
 1395 
 1385 
 1499 
 1549 
 1513 
 1493 
 1441 
 1332 
 1283 
 1240 
 1179 
 1124 
 1095 
 1049 
 1020 
 1032 
 1037 
 1034 
 1001 
 975 
 971 
 965 
 961 
 926 
 924 
 934 
 934 
 890 
 867 
 831 
 820 
 813 
 829 
 863 
 893 
 887 
 882 
 895 
 950 
 1091 
 1206 
 1231 
 1188 
 1070 
 1112 
 1135 
 1081 
 1034 
 978 
 889 
 846 
 876 
 950 
 973 
 1016 
 1141 
 1169 
 1212 
 1282 
 1354 
 1376 
 1316 
 1239 
 1111 
 1083 
 1040 
 967 
 851 
 780 
 795 
 961 
 1082 
 1086 
 1064 
 1115 
 1213 
 1227 
 1202 
 1225 
 1134 
 1084 
 1053 
 1026 
 1011 
 999 
 993 
 1015 
 1024 
 1059 
 1131 
 1190 
 1177 
 1115 
 1232 
 1447 
 1479 
 1466 
 1444 
 1428 
 1428 
 1461 
 1422 
 1319 
 1186 
 1132 
 1091 
 1070 
 1091 
 1125 
 1076 
 1011 
 966 
 924 
 831 
 881 
 891 
 912 
 881 
 933 
 1004 
 1077 
 1042 
 1076 
 1078 
 1076 
 1060 
 1086 
 1088 
 1077 
 1051 
 1170 
 1269 
 1322 
 1344 
 1302 
 1223 
 1159 
 1094 
 999 
 985 
 999 
 985 
 980 
 985 
 952 
 890 
 858 
 824 
 787 
 789 
 790 
 786 
 842 
 815 
 743 
 701 
 745 
 712 
 658 
 594 
 592 
 596 
 622 
 664 
 660 
 673 
 690 
 692 
 698 
 682 
 697 
 682 
 661 
 625 
 660 
 661 
 630 
 624 
 621 
 634 
 758 
 813 
 820 
 815 
 876 
 866 
 926 
 975 
 942 
 912 
 886 
 863 
 942 
 995 
 966 
 1932 
 2356 
 2443 
 2325 
 2137 
 1958 
 1763 
 1566 
 1348 
 1162 
 1066 
 961 
 927 
 887 
 833 
 745 
 634 
 621 
 605 
 597 
 619 
 705 
 831 
 983 
 1049 
 1064 
 1030 
 951 
 832 
 780 
 723 
 679 
 624 
 650 
 625 
 619 
 654 
 791 
 805 
 907 
 1006 
 1020 
 949 
 871 
 911 
 1056 
 1101 
 1186 
 1193 
 1209 
 1202 
 1183 
 1127 
 1082 
 1027 
 973 
 919 
 850 
 775 
 775 
 710 
 682 
 647 
 619 
 660 
 653 
 623 
 606 
 595 
 630 
 596 
 606 
 576 
 557 
 565 
 584 
 622 
 661 
 660 
 707 
 829 
 887 
 862 
 793 
 754 
 765 
 746 
 707 
 679 
 571 
 518 
 472 
 415 
 377 
 349 
 368 
 397 
 398 
 407 
 454 
 521 
 549 
 520 
 559 
 585 
 613 
 622 
 627 
 621 
 594 
 601 
 586 
 622 
 586 
 529 
 444 
 472 
 444 
 453 
 445 
 520 
 549 
 587 
 587 
 690 
 796 
 823 
 818 
 827 
 852 
 849 
 848 
 867 
 862 
 1014 
 1090 
 1046 
 985 
 933 
 824 
 745 
 681 
 679 
 615 
 598 
 544 
 534 
 540 
