 1500 
6
 380 
 530 
 10 
 1 
 450 
vesikel
13:57
m7
 0 
0
0
 0 
M7EMSVES.txt
 0 
 20 
 30 
 1000 
 0 
 360 
01-09-2012
 615 
 661 
 615 
 631 
 639 
 637 
 608 
 625 
 609 
 624 
 618 
 635 
 628 
 654 
 633 
 642 
 638 
 656 
 658 
 677 
 668 
 667 
 650 
 667 
 671 
 675 
 677 
 677 
 679 
 686 
 696 
 701 
 709 
 720 
 718 
 723 
 726 
 742 
 725 
 735 
 729 
 780 
 764 
 786 
 784 
 798 
 782 
 808 
 812 
 818 
 812 
 828 
 803 
 837 
 870 
 865 
 858 
 891 
 877 
 882 
 877 
 903 
 886 
 890 
 887 
 916 
 889 
 899 
 895 
 924 
 909 
 948 
 908 
 959 
 934 
 938 
 934 
 962 
 945 
 969 
 944 
 959 
 956 
 966 
 940 
 966 
 971 
 975 
 981 
 1005 
 980 
 1015 
 1013 
 1034 
 1027 
 1042 
 1032 
 1060 
 1075 
 1090 
 1084 
 1082 
 1056 
 1060 
 1062 
 1088 
 1070 
 1097 
 1119 
 1134 
 1136 
 1159 
 1140 
 1142 
 1134 
 1145 
 1143 
 1150 
 1155 
 1169 
 1150 
 1167 
 1171 
 1197 
 1206 
 1235 
 1231 
 1225 
 1236 
 1274 
 1274 
 1302 
 1310 
 1340 
 1332 
 1343 
 1333 
 1360 
 1359 
 1379 
 1379 
 1384 
 1354 
 1393 
 1409 
 1429 
 1447 
 1462 
 1480 
 1500 
 1510 
 1513 
 1514 
 1530 
 1529 
 1544 
 1570 
 1585 
 1597 
 1619 
 1636 
 1649 
 1674 
 1681 
 1683 
 1691 
 1710 
 1742 
 1740 
 1738 
 1753 
 1766 
 1800 
 1809 
 1826 
 1879 
 1873 
 1913 
 1910 
 1901 
 1918 
 1950 
 1972 
 1984 
 2003 
 1998 
 1977 
 1988 
 2003 
 2048 
 2033 
 2045 
 2073 
 2090 
 2097 
 2109 
 2135 
 2147 
 2137 
 2154 
 2149 
 2154 
 2163 
 2163 
 2172 
 2182 
 2181 
 2210 
 2238 
 2274 
 2290 
 2303 
 2337 
 2373 
 2353 
 2345 
 2341 
 2367 
 2388 
 2375 
 2398 
 2402 
 2432 
 2424 
 2449 
 2435 
 2447 
 2446 
 2447 
 2446 
 2475 
 2482 
 2508 
 2527 
 2533 
 2505 
 2513 
 2524 
 2520 
 2505 
 2541 
 2512 
 2532 
 2524 
 2532 
 2515 
 2532 
 2527 
 2551 
 2545 
 2526 
 2528 
 2535 
 2537 
 2554 
 2559 
 2566 
 2565 
 2594 
 2587 
 2585 
 2564 
 2594 
 2588 
 2593 
 2597 
 2605 
 2600 
 2601 
 2615 
 2617 
 2629 
 2614 
 2604 
 2612 
 2594 
 2607 
 2585 
 2579 
 2569 
 2551 
 2534 
 2551 
 2565 
 2545 
 2543 
 2526 
 2502 
 2509 
 2515 
 2526 
 2556 
 2566 
 2575 
 2575 
 2562 
 2601 
 2607 
 2605 
 2578 
 2591 
 2569 
 2594 
 2578 
 2594 
 2549 
 2566 
 2521 
 2556 
 2515 
 2531 
 2508 
 2531 
 2545 
 2597 
 2575 
 2585 
 2569 
 2591 
 2569 
 2566 
 2559 
 2547 
 2543 
 2566 
 2568 
 2578 
 2581 
 2591 
 2606 
 2643 
 2625 
 2619 
 2609 
 2605 
 2617 
 2644 
 2660 
 2643 
 2682 
 2651 
 2648 
 2645 
 2673 
 2645 
 2648 
 2657 
 2657 
 2680 
 2701 
 2727 
 2749 
 2755 
 2762 
 2746 
 2759 
 2773 
 2763 
 2774 
 2778 
 2806 
 2797 
 2773 
 2781 
 2797 
 2810 
 2820 
 2838 
 2844 
 2848 
 2863 
 2857 
 2879 
 2873 
 2847 
 2870 
 2885 
 2882 
 2907 
 2911 
 2921 
 2911 
 2921 
 2966 
 2945 
 2942 
 2967 
 3018 
 3004 
 2999 
 3028 
 3017 
 3032 
 3038 
 3049 
 3063 
 3068 
 3100 
 3100 
 3099 
 3093 
 3113 
 3125 
 3140 
 3150 
 3177 
 3143 
 3165 
 3172 
 3158 
 3165 
 3132 
 3153 
 3177 
 3215 
 3225 
 3259 
 3242 
 3234 
 3245 
 3268 
 3284 
 3316 
 3303 
 3282 
 3291 
 3304 
 3339 
 3371 
 3392 
 3399 
 3377 
 3399 
 3424 
 3469 
 3447 
 3427 
 3435 
 3446 
 3429 
 3431 
 3434 
 3454 
 3451 
 3468 
 3479 
 3467 
 3518 
 3543 
 3511 
 3612 
 3580 
 3567 
 3566 
 3568 
 3558 
 3578 
 3542 
 3553 
 3519 
 3533 
 3536 
 3571 
 3541 
 3539 
 3547 
 3563 
 3537 
 3525 
 3524 
 3558 
 3558 
 3559 
 3553 
 3558 
 3529 
 3549 
 3585 
 3594 
 3556 
 3552 
 3520 
 3520 
 3543 
 3539 
 3529 
 3539 
 3539 
 3575 
 3586 
 3572 
 3555 
 3581 
 3553 
 3581 
 3586 
 3591 
 3573 
 3578 
 3565 
 3588 
 3532 
 3479 
 3454 
 3445 
 3437 
 3474 
 3479 
 3454 
 3441 
 3456 
 3446 
 3439 
 3435 
 3405 
 3378 
 3405 
 3409 
 3405 
 3397 
 3391 
 3401 
 3405 
 3356 
 3342 
 3322 
 3333 
 3312 
 3318 
 3314 
 3307 
 3286 
 3307 
 3291 
 3287 
 3257 
 3255 
 3221 
 3205 
 3198 
 3190 
 3170 
 3165 
 3170 
 3157 
 3162 
 3177 
 3153 
 3134 
 3121 
 3108 
 3100 
 3106 
 3089 
 3078 
 3068 
 3046 
 3029 
 3032 
 3006 
 3039 
 3041 
 3056 
 3034 
 3045 
 3031 
 3022 
 3011 
 2974 
 2970 
 2987 
 2976 
 2949 
 2945 
 2914 
 2882 
 2879 
 2859 
 2873 
 2876 
 2869 
 2862 
 2871 
 2868 
 2834 
 2868 
 2839 
 2809 
 2806 
 2818 
 2825 
 2812 
 2787 
 2824 
 2817 
 2835 
 2823 
 2818 
 2803 
 2809 
 2780 
 2755 
 2736 
 2730 
 2716 
 2699 
 2719 
 2743 
 2752 
 2755 
 2749 
 2736 
 2708 
 2733 
 2717 
 2739 
 2711 
 2714 
 2683 
 2689 
 2654 
 2639 
 2613 
 2644 
 2626 
 2601 
 2598 
 2629 
 2626 
 2633 
 2645 
 2689 
 2695 
 2694 
 2692 
 2689 
 2667 
 2666 
 2642 
 2648 
 2644 
 2676 
 2679 
 2670 
 2682 
 2655 
 2667 
 2673 
 2665 
 2652 
 2660 
 2631 
 2610 
 2632 
 2616 
 2623 
 2619 
 2613 
 2616 
 2642 
 2640 
 2626 
 2622 
 2585 
 2572 
 2582 
 2619 
 2612 
 2612 
 2623 
 2621 
 2654 
 2663 
 2670 
 2656 
 2664 
 2636 
 2686 
 2680 
 2680 
 2670 
 2681 
 2648 
 2623 
 2638 
 2636 
 2638 
 2676 
 2680 
 2680 
 2667 
 2705 
 2676 
 2683 
 2670 
 2667 
 2664 
 2664 
 2631 
 2689 
 2650 
 2658 
 2650 
 2670 
 2626 
 2655 
 2623 
 2620 
 2614 
 2614 
 2595 
 2608 
 2595 
 2608 
 2601 
 2626 
 2614 
 2629 
 2615 
 2599 
 2597 
 2588 
 2560 
 2554 
 2546 
 2557 
 2588 
 2601 
 2579 
 2579 
 2582 
 2591 
 2582 
 2571 
 2569 
 2578 
 2569 
 2559 
 2560 
 2566 
 2549 
 2528 
 2522 
 2515 
 2491 
 2501 
 2519 
 2539 
 2545 
 2553 
 2526 
 2516 
 2503 
 2526 
 2535 
 2545 
 2544 
 2545 
 2537 
 2507 
 2459 
 2479 
 2462 
 2450 
 2467 
 2482 
 2502 
 2493 
 2471 
 2469 
 2440 
 2432 
 2399 
 2419 
 2418 
 2395 
 2394 
 2406 
 2391 
 2387 
 2399 
 2404 
 2399 
 2398 
 2385 
 2383 
 2377 
 2351 
 2310 
 2330 
 2298 
 2290 
 2265 
 2276 
 2286 
 2295 
 2284 
 2283 
 2287 
 2267 
 2259 
 2262 
 2282 
 2281 
 2272 
 2281 
 2263 
 2252 
 2240 
 2239 
 2223 
 2210 
 2181 
 2180 
 2182 
 2191 
 2192 
 2154 
 2154 
 2166 
 2121 
 2102 
 2102 
 2106 
 2092 
 2125 
 2132 
 2134 
 2126 
 2130 
 2116 
 2102 
 2097 
 2069 
 2029 
 2038 
 2021 
 2036 
 2036 
 2040 
 2010 
 2017 
 1998 
 2012 
 1984 
 2019 
 1967 
 1989 
 1986 
 2010 
 1988 
 1979 
 1946 
 1914 
 1899 
 1914 
 1913 
 1895 
 1878 
 1892 
 1880 
 1866 
 1844 
 1828 
 1823 
 1828 
 1804 
 1805 
 1797 
 1828 
 1802 
 1831 
 1805 
 1828 
 1810 
 1814 
 1795 
 1800 
 1772 
 1795 
 1771 
 1759 
 1752 
 1769 
 1746 
 1742 
 1716 
 1742 
 1718 
 1731 
 1722 
 1721 
 1699 
 1714 
 1719 
 1729 
 1710 
 1719 
 1686 
 1702 
 1695 
 1689 
 1685 
 1670 
 1647 
 1647 
 1647 
 1649 
 1615 
 1615 
 1563 
 1568 
 1587 
 1581 
 1595 
 1587 
 1594 
 1610 
 1608 
 1600 
 1579 
 1572 
 1570 
 1574 
 1562 
 1568 
 1575 
 1547 
 1572 
 1537 
 1543 
 1537 
 1536 
 1547 
 1543 
 1540 
 1548 
 1537 
 1517 
 1503 
 1471 
 1489 
 1499 
 1492 
 1487 
 1480 
 1482 
 1484 
 1496 
 1512 
 1499 
 1517 
 1521 
 1522 
 1501 
 1512 
 1493 
 1499 
 1494 
 1499 
 1466 
 1469 
 1460 
 1446 
 1461 
 1467 
 1464 
 1444 
 1422 
 1416 
 1409 
 1422 
 1438 
 1424 
 1430 
 1425 
 1384 
 1384 
 1392 
 1398 
 1420 
 1409 
 1387 
 1392 
 1382 
 1368 
 1363 
 1359 
 1368 
 1359 
 1373 
 1368 
 1351 
 1367 
 1357 
 1354 
 1338 
 1344 
 1338 
 1327 
 1338 
 1344 
 1338 
 1348 
 1357 
 1346 
 1354 
 1326 
 1319 
 1313 
 1326 
 1332 
 1327 
 1305 
 1301 
 1307 
 1301 
 1297 
 1286 
 1288 
 1284 
 1288 
 1301 
 1307 
 1299 
 1278 
 1258 
 1248 
 1238 
 1237 
 1224 
 1221 
 1244 
 1240 
 1244 
 1240 
 1244 
 1240 
 1252 
 1248 
 1269 
 1259 
 1258 
 1259 
 1278 
 1253 
 1264 
 1251 
 1244 
 1243 
 1247 
 1234 
 1244 
 1229 
 1227 
 1202 
 1200 
 1188 
 1209 
 1194 
 1195 
 1177 
 1189 
 1171 
 1188 
 1175 
 1200 
 1196 
 1193 
 1166 
 1189 
 1155 
 1200 
 1194 
 1203 
 1169 
 1170 
 1165 
 1179 
 1175 
 1192 
 1177 
 1198 
 1172 
 1188 
 1147 
 1155 
 1117 
 1125 
 1089 
 1116 
 1100 
 1123 
 1098 
 1124 
 1120 
 1132 
 1096 
 1103 
 1077 
 1073 
 1079 
 1074 
 1070 
 1060 
 1034 
 1028 
 1014 
 1031 
 1004 
 1020 
 987 
 1034 
 1023 
 1028 
 999 
 1037 
 1023 
 1027 
 1023 
 1016 
 1013 
 1039 
 1013 
 1011 
 1005 
 1004 
 977 
 985 
 969 
 986 
 979 
 977 
 965 
 966 
 956 
 935 
 926 
 935 
 935 
 944 
 928 
 947 
 948 
 946 
 930 
 898 
 897 
 918 
 909 
 908 
 899 
 928 
 899 
 906 
 892 
 907 
 881 
 886 
 892 
 899 
 885 
 893 
 870 
 890 
 853 
 869 
 854 
 881 
 864 
 879 
 859 
 888 
 868 
 881 
 856 
 864 
 844 
 849 
 835 
 832 
 817 
 824 
 819 
 854 
 838 
 853 
 829 
 835 
 818 
 796 
 801 
 805 
 790 
 805 
 786 
 806 
 762 
 791 
 777 
 806 
 782 
 788 
 778 
 786 
 779 
 784 
 777 
 784 
 764 
 775 
 754 
 784 
 740 
 747 
 740 
 757 
 740 
 746 
 720 
 745 
 720 
 735 
 710 
 735 
 720 
 737 
 710 
 737 
 720 
 737 
 701 
 718 
 702 
 715 
 691 
 698 
 693 
 708 
 683 
 700 
 671 
 686 
 664 
 680 
 668 
 699 
 663 
 699 
 675 
 679 
 673 
 660 
 663 
 669 
 644 
 659 
 644 
 655 
 644 
 661 
 596 
 647 
 621 
 641 
 626 
 623 
 625 
 632 
 615 
 608 
 611 
 623 
 596 
 633 
 616 
 624 
 617 
 634 
 598 
 639 
 627 
 625 
 607 
 624 
 601 
 623 
 596 
 614 
 592 
 623 
 601 
 623 
 601 
 619 
 606 
 634 
 604 
 611 
 599 
 626 
 589 
 597 
 588 
 588 
 586 
 586 
 578 
 596 
 578 
 582 
 557 
 564 
 557 
 567 
 548 
 559 
 549 
 540 
 549 
 562 
 550 
 569 
 550 
 560 
 549 
 563 
 563 
 567 
 560 
 563 
 549 
 550 
 530 
 542 
 531 
 550 
 526 
 549 
 530 
 531 
 527 
 529 
 538 
 511 
 540 
 521 
 521 
 522 
 530 
 521 
 520 
 521 
 510 
 511 
 510 
 512 
 512 
 476 
 502 
 493 
 493 
 507 
 511 
 512 
 510 
 493 
 483 
 488 
 483 
 512 
 483 
 474 
 482 
 475 
 482 
 474 
 483 
 492 
 483 
 470 
 479 
 475 
 473 
 457 
 474 
 490 
 492 
 484 
 492 
 475 
 505 
 475 
 482 
 457 
 473 
 457 
 473 
 447 
 463 
 436 
 462 
 446 
 453 
 446 
 472 
 456 
 463 
 438 
 454 
 437 
 435 
 428 
 445 
 437 
 453 
 432 
 444 
 437 
 435 
 413 
 436 
 409 
 417 
 420 
 436 
 429 
 435 
 419 
 436 
 400 
 417 
 400 
 427 
 411 
 418 
 400 
 409 
 397 
 429 
 401 
 423 
 401 
 404 
 420 
 438 
 411 
 433 
 401 
 417 
 400 
 422 
 400 
 417 
 400 
 397 
 390 
 408 
 390 
 398 
 380 
 398 
 391 
 408 
 391 
 409 
 391 
 397 
 380 
 391 
 369 
 377 
 360 
 368 
 360 
 387 
 379 
 377 
 370 
 359 
 361 
 368 
 361 
 359 
 361 
 368 
 352 
 368 
 361 
 371 
 361 
 379 
 352 
 374 
 361 
 378 
 350 
 378 
 341 
 369 
