1488.5000	24.0000	32.0000
1487.5088	10.0000	17.0000
1486.5177	7.0000	12.0000
1485.5265	6.0000	13.0000
1484.5354	5.0000	12.0000
1483.5442	3.0000	11.0000
1482.5531	7.0000	11.0000
1481.5619	7.0000	16.0000
1480.5708	8.0000	14.0000
1479.5796	8.0000	16.0000
1478.5885	26.0000	43.0000
1477.5973	29.0000	50.0000
1476.6062	20.0000	48.0000
1475.6150	14.0000	33.0000
1474.6239	7.0000	19.0000
1473.6327	11.0000	16.0000
1472.6415	6.0000	13.0000
1471.6504	8.0000	12.0000
1470.6592	6.0000	21.0000
1469.6681	7.0000	13.0000
1468.6769	7.0000	15.0000
1467.6858	12.0000	21.0000
1466.6946	7.0000	10.0000
1465.7035	15.0000	26.0000
1464.7123	8.0000	22.0000
1463.7212	8.0000	19.0000
1462.7300	7.0000	20.0000
1461.7389	12.0000	17.0000
1460.7477	9.0000	18.0000
1459.7566	12.0000	17.0000
1458.7654	8.0000	15.0000
1457.7742	3.0000	13.0000
1456.7831	9.0000	18.0000
1455.7919	12.0000	21.0000
1454.8008	14.0000	21.0000
1453.8096	9.0000	16.0000
1452.8185	8.0000	22.0000
1451.8273	10.0000	26.0000
1450.8362	8.0000	18.0000
1449.8450	17.0000	26.0000
1448.8539	10.0000	15.0000
1447.8627	12.0000	20.0000
1446.8716	15.0000	25.0000
1445.8804	13.0000	22.0000
1444.8893	10.0000	15.0000
1443.8981	13.0000	20.0000
1442.9070	14.0000	22.0000
1441.9158	10.0000	15.0000
1440.9246	6.0000	9.0000
1439.9335	13.0000	22.0000
1438.9423	5.0000	10.0000
1437.9512	11.0000	26.0000
1436.9600	12.0000	19.0000
1435.9689	4.0000	14.0000
1434.9777	12.0000	22.0000
1433.9866	7.0000	25.0000
1432.9954	12.0000	22.0000
1432.0043	12.0000	24.0000
1431.0131	16.0000	23.0000
1430.0220	13.0000	24.0000
1429.0308	9.0000	23.0000
1428.0397	24.0000	39.0000
1427.0485	20.0000	36.0000
1426.0573	18.0000	34.0000
1425.0662	17.0000	33.0000
1424.0750	21.0000	42.0000
1423.0839	9.0000	29.0000
1422.0927	19.0000	34.0000
1421.1016	18.0000	43.0000
1420.1104	15.0000	41.0000
1419.1193	20.0000	33.0000
1418.1281	13.0000	23.0000
1417.1370	21.0000	33.0000
1416.1458	12.0000	23.0000
1415.1547	29.0000	39.0000
1414.1635	22.0000	43.0000
1413.1724	14.0000	30.0000
1412.1812	15.0000	30.0000
1411.1899	13.0000	33.0000
1410.1989	14.0000	23.0000
1409.2076	15.0000	33.0000
1408.2166	17.0000	35.0000
1407.2253	24.0000	36.0000
1406.2343	21.0000	35.0000
1405.2430	13.0000	33.0000
1404.2520	14.0000	33.0000
1403.2607	13.0000	32.0000
1402.2697	13.0000	21.0000
1401.2784	19.0000	41.0000
1400.2874	13.0000	23.0000
1399.2961	15.0000	28.0000
1398.3051	17.0000	25.0000
1397.3138	22.0000	35.0000
1396.3226	12.0000	30.0000
1395.3315	15.0000	29.0000
1394.3403	18.0000	41.0000
1393.3492	13.0000	34.0000
1392.3580	21.0000	33.0000
1391.3669	15.0000	26.0000
1390.3757	17.0000	35.0000
1389.3846	16.0000	34.0000
1388.3934	18.0000	34.0000
1387.4023	21.0000	38.0000
1386.4111	17.0000	38.0000
1385.4200	14.0000	27.0000
1384.4288	14.0000	27.0000
1383.4377	18.0000	36.0000
1382.4465	21.0000	36.0000
1381.4554	18.0000	42.0000
1380.4642	16.0000	26.0000
1379.4730	17.0000	34.0000
1378.4819	9.0000	18.0000
1377.4907	11.0000	21.0000
1376.4996	18.0000	30.0000
1375.5084	20.0000	36.0000
1374.5173	15.0000	28.0000
1373.5261	20.0000	29.0000
1372.5350	15.0000	25.0000
1371.5438	27.0000	44.0000
1370.5527	17.0000	41.0000
1369.5615	23.0000	35.0000
1368.5704	16.0000	26.0000
1367.5792	11.0000	20.0000
1366.5881	19.0000	39.0000
1365.5969	17.0000	42.0000
1364.6057	21.0000	38.0000
1363.6146	15.0000	27.0000
1362.6234	15.0000	33.0000
1361.6323	17.0000	34.0000
1360.6411	21.0000	48.0000
1359.6500	15.0000	29.0000
1358.6588	15.0000	37.0000
1357.6677	16.0000	28.0000
1356.6765	19.0000	38.0000
1355.6854	25.0000	44.0000
1354.6942	20.0000	33.0000
1353.7031	13.0000	25.0000
1352.7119	19.0000	34.0000
1351.7208	15.0000	30.0000
1350.7296	11.0000	39.0000
1349.7384	18.0000	36.0000
1348.7473	20.0000	42.0000
1347.7561	22.0000	42.0000
1346.7650	20.0000	45.0000
1345.7738	21.0000	42.0000
1344.7827	18.0000	43.0000
1343.7915	24.0000	43.0000
1342.8004	22.0000	36.0000
1341.8092	17.0000	38.0000
1340.8181	24.0000	45.0000
1339.8269	17.0000	29.0000
1338.8358	22.0000	36.0000
1337.8446	23.0000	38.0000
1336.8535	21.0000	35.0000
1335.8623	21.0000	35.0000
1334.8711	18.0000	33.0000
1333.8800	25.0000	42.0000
1332.8888	26.0000	38.0000
1331.8977	28.0000	50.0000
1330.9065	24.0000	40.0000
1329.9154	18.0000	32.0000
1328.9242	17.0000	40.0000
1327.9331	26.0000	46.0000
1326.9419	22.0000	39.0000
1325.9508	13.0000	37.0000
1324.9596	29.0000	51.0000
1323.9685	29.0000	50.0000
1322.9773	27.0000	52.0000
1321.9862	21.0000	46.0000
1320.9950	28.0000	42.0000
1320.0039	26.0000	43.0000
1319.0127	13.0000	32.0000
1318.0215	25.0000	51.0000
1317.0304	22.0000	46.0000
1316.0392	25.0000	39.0000
1315.0481	29.0000	54.0000
1314.0569	27.0000	47.0000
1313.0658	24.0000	44.0000
1312.0746	33.0000	57.0000
1311.0835	31.0000	57.0000
1310.0923	19.0000	53.0000
1309.1012	26.0000	51.0000
1308.1100	28.0000	52.0000
1307.1189	29.0000	56.0000
1306.1277	19.0000	42.0000
1305.1366	36.0000	64.0000
1304.1454	30.0000	55.0000
1303.1542	34.0000	58.0000
1302.1631	39.0000	68.0000
1301.1719	29.0000	47.0000
1300.1808	37.0000	61.0000
1299.1896	34.0000	67.0000
1298.1985	23.0000	53.0000
1297.2073	40.0000	63.0000
1296.2162	36.0000	72.0000
1295.2250	31.0000	69.0000
1294.2339	33.0000	66.0000
1293.2427	39.0000	69.0000
1292.2516	37.0000	65.0000
1291.2604	39.0000	78.0000
1290.2693	43.0000	80.0000
1289.2781	35.0000	72.0000
1288.2869	50.0000	96.0000
1287.2958	43.0000	76.0000
1286.3046	44.0000	69.0000
1285.3135	40.0000	79.0000
1284.3223	40.0000	74.0000
1283.3312	44.0000	84.0000
1282.3400	39.0000	84.0000
1281.3489	39.0000	77.0000
1280.3577	45.0000	85.0000
1279.3666	50.0000	99.0000
1278.3754	47.0000	90.0000
1277.3843	44.0000	83.0000
1276.3931	45.0000	77.0000
1275.4020	50.0000	103.0000
1274.4108	43.0000	91.0000
1273.4196	46.0000	79.0000
1272.4285	36.0000	80.0000
1271.4373	52.0000	94.0000
1270.4462	53.0000	100.0000
1269.4550	48.0000	93.0000
1268.4639	49.0000	97.0000
1267.4727	43.0000	91.0000
1266.4816	57.0000	104.0000
1265.4904	49.0000	90.0000
1264.4993	60.0000	112.0000
1263.5081	50.0000	108.0000
1262.5170	66.0000	125.0000
1261.5258	61.0000	107.0000
1260.5347	51.0000	102.0000
1259.5435	54.0000	104.0000
1258.5524	64.0000	133.0000
1257.5612	72.0000	135.0000
1256.5699	64.0000	117.0000
1255.5789	69.0000	128.0000
1254.5876	57.0000	122.0000
1253.5966	57.0000	110.0000
1252.6053	70.0000	123.0000
1251.6143	69.0000	129.0000
1250.6230	72.0000	130.0000
1249.6320	87.0000	151.0000
1248.6407	93.0000	172.0000
1247.6497	66.0000	134.0000
1246.6584	81.0000	137.0000
1245.6674	94.0000	168.0000
1244.6761	70.0000	129.0000
1243.6851	83.0000	132.0000
1242.6938	76.0000	136.0000
1241.7026	83.0000	137.0000
1240.7115	78.0000	141.0000
1239.7203	93.0000	164.0000
1238.7292	77.0000	144.0000
1237.7380	84.0000	170.0000
1236.7469	98.0000	173.0000
1235.7557	94.0000	169.0000
1234.7646	99.0000	180.0000
1233.7734	105.0000	177.0000
1232.7823	93.0000	175.0000
1231.7911	85.0000	160.0000
1230.8000	95.0000	181.0000
1229.8088	102.0000	176.0000
1228.8177	93.0000	181.0000
1227.8265	86.0000	178.0000
1226.8353	95.0000	179.0000
1225.8442	114.0000	201.0000
1224.8530	92.0000	199.0000
1223.8619	88.0000	178.0000
1222.8707	118.0000	214.0000
1221.8796	115.0000	206.0000
1220.8884	104.0000	197.0000
1219.8973	121.0000	233.0000
1218.9061	115.0000	225.0000
1217.9150	105.0000	212.0000
1216.9238	120.0000	217.0000
1215.9327	115.0000	209.0000
1214.9415	97.0000	212.0000
1213.9504	89.0000	206.0000
1212.9592	119.0000	231.0000
1211.9680	129.0000	250.0000
1210.9769	162.0000	273.0000
1209.9857	120.0000	254.0000
1208.9946	137.0000	268.0000
1208.0034	115.0000	239.0000
1207.0123	115.0000	212.0000
1206.0211	148.0000	286.0000
1205.0300	115.0000	250.0000
1204.0388	139.0000	268.0000
1203.0477	136.0000	271.0000
1202.0565	169.0000	335.0000
1201.0654	338.0000	609.0000
1200.0742	329.0000	612.0000
1199.0831	314.0000	578.0000
1198.0919	178.0000	358.0000
1197.1008	177.0000	333.0000
1196.1096	176.0000	311.0000
1195.1184	156.0000	318.0000
1194.1273	163.0000	300.0000
1193.1361	163.0000	299.0000
1192.1450	153.0000	296.0000
1191.1538	179.0000	317.0000
1190.1627	187.0000	342.0000
1189.1715	155.0000	329.0000
1188.1804	185.0000	375.0000
1187.1892	176.0000	358.0000
1186.1981	211.0000	398.0000
1185.2069	178.0000	346.0000
1184.2158	222.0000	388.0000
1183.2246	214.0000	390.0000
1182.2335	210.0000	396.0000
1181.2423	206.0000	391.0000
1180.2511	205.0000	383.0000
1179.2600	201.0000	378.0000
1178.2688	207.0000	404.0000
1177.2777	211.0000	385.0000
1176.2865	189.0000	367.0000
1175.2954	183.0000	373.0000
1174.3042	184.0000	385.0000
1173.3131	213.0000	395.0000
1172.3219	221.0000	412.0000
1171.3308	221.0000	399.0000
1170.3396	194.0000	382.0000
1169.3485	215.0000	407.0000
1168.3573	206.0000	409.0000
1167.3662	237.0000	439.0000
1166.3750	185.0000	385.0000
1165.3838	224.0000	409.0000
1164.3927	209.0000	398.0000
1163.4015	217.0000	413.0000
1162.4104	213.0000	404.0000
1161.4192	208.0000	412.0000
1160.4281	210.0000	420.0000
1159.4369	202.0000	401.0000
1158.4458	204.0000	391.0000
1157.4546	214.0000	424.0000
1156.4635	201.0000	409.0000
1155.4723	193.0000	395.0000
1154.4812	209.0000	414.0000
1153.4900	245.0000	427.0000
1152.4989	207.0000	408.0000
1151.5077	220.0000	436.0000
1150.5165	221.0000	427.0000
1149.5254	208.0000	380.0000
1148.5342	202.0000	396.0000
1147.5431	190.0000	415.0000
1146.5519	211.0000	414.0000
1145.5608	198.0000	408.0000
1144.5696	218.0000	419.0000
1143.5785	197.0000	416.0000
1142.5873	204.0000	403.0000
1141.5962	208.0000	410.0000
1140.6050	225.0000	449.0000
1139.6139	219.0000	438.0000
1138.6227	225.0000	436.0000
1137.6316	231.0000	457.0000
1136.6404	230.0000	478.0000
1135.6492	216.0000	450.0000
1134.6581	198.0000	452.0000
1133.6669	202.0000	460.0000
1132.6758	224.0000	444.0000
1131.6846	240.0000	519.0000
1130.6935	296.0000	573.0000
1129.7023	403.0000	817.0000
1128.7112	415.0000	794.0000
1127.7200	466.0000	914.0000
1126.7289	493.0000	964.0000
1125.7377	323.0000	624.0000
1124.7466	399.0000	762.0000
1123.7554	457.0000	901.0000
1122.7643	458.0000	954.0000
1121.7731	560.0000	1088.0000
1120.7820	514.0000	990.0000
1119.7908	676.0000	1344.0000
1118.7996	2690.0000	5287.0000
1117.8085	2754.0000	5347.0000
1116.8173	3104.0000	6149.0000
1115.8262	1172.0000	2295.0000
1114.8350	860.0000	1763.0000
1113.8439	1005.0000	1929.0000
1112.8527	2571.0000	5086.0000
1111.8616	2553.0000	5009.0000
1110.8704	2450.0000	4952.0000
1109.8793	1184.0000	2381.0000
1108.8881	1006.0000	2000.0000
1107.8970	952.0000	1905.0000
1106.9058	984.0000	1941.0000
1105.9147	943.0000	1913.0000
1104.9235	896.0000	1793.0000
1103.9323	931.0000	1894.0000
1102.9412	973.0000	1980.0000
1101.9500	995.0000	2007.0000
1100.9589	982.0000	1984.0000
1099.9677	1005.0000	1995.0000
1098.9766	1077.0000	2105.0000
1097.9854	1064.0000	2124.0000
1096.9943	1121.0000	2133.0000
1096.0031	1031.0000	2058.0000
1095.0120	1112.0000	2139.0000
1094.0208	1169.0000	2239.0000
1093.0297	1089.0000	2239.0000
1092.0385	1127.0000	2251.0000
1091.0474	1063.0000	2147.0000
1090.0562	1143.0000	2243.0000
1089.0649	1134.0000	2191.0000
1088.0739	1101.0000	2134.0000
1087.0826	1100.0000	2166.0000
1086.0916	1074.0000	2100.0000
1085.1003	1075.0000	2153.0000
1084.1093	1092.0000	2149.0000
1083.1180	1044.0000	2079.0000
1082.1270	1009.0000	2068.0000
1081.1357	1045.0000	2101.0000
1080.1447	981.0000	1972.0000
1079.1534	1010.0000	2018.0000
1078.1624	1059.0000	2085.0000
1077.1711	1014.0000	1974.0000
1076.1801	1029.0000	2008.0000
1075.1888	979.0000	1971.0000
1074.1976	991.0000	1982.0000
1073.2065	1031.0000	2032.0000
1072.2153	1040.0000	2075.0000
1071.2242	952.0000	1887.0000
1070.2330	961.0000	1946.0000
1069.2419	966.0000	1968.0000
1068.2507	967.0000	1946.0000
1067.2596	948.0000	1915.0000
1066.2684	1016.0000	2028.0000
1065.2773	957.0000	1951.0000
1064.2861	962.0000	1970.0000
1063.2950	942.0000	1889.0000
1062.3038	959.0000	1890.0000
1061.3127	952.0000	1852.0000
1060.3215	978.0000	1971.0000
1059.3304	963.0000	1930.0000
1058.3392	977.0000	1978.0000
1057.3480	1013.0000	1957.0000
1056.3569	992.0000	1906.0000
1055.3657	982.0000	1931.0000
1054.3746	998.0000	1985.0000
1053.3834	921.0000	1860.0000
1052.3923	1002.0000	1949.0000
1051.4011	1004.0000	2018.0000
1050.4100	990.0000	1942.0000
1049.4188	985.0000	1932.0000
1048.4277	907.0000	1860.0000
1047.4365	934.0000	1852.0000
1046.4454	942.0000	1909.0000
1045.4542	966.0000	1868.0000
1044.4631	1041.0000	1988.0000
1043.4719	943.0000	1868.0000
1042.4807	908.0000	1849.0000
1041.4896	957.0000	1897.0000
1040.4984	938.0000	1891.0000
1039.5073	965.0000	1967.0000
1038.5161	949.0000	1893.0000
1037.5250	1003.0000	1989.0000
1036.5338	987.0000	1952.0000
1035.5427	947.0000	1904.0000
1034.5515	989.0000	1902.0000
1033.5604	974.0000	1898.0000
1032.5692	981.0000	1940.0000
1031.5781	961.0000	1902.0000
1030.5869	895.0000	1879.0000
1029.5958	896.0000	1846.0000
1028.6046	991.0000	1936.0000
1027.6134	904.0000	1847.0000
1026.6223	967.0000	1915.0000
1025.6311	1004.0000	1945.0000
1024.6400	978.0000	1944.0000
1023.6489	904.0000	1866.0000
1022.6577	1025.0000	1979.0000
1021.6666	927.0000	1868.0000
1020.6754	988.0000	1954.0000
1019.6842	969.0000	1886.0000
1018.6931	941.0000	1860.0000
1017.7019	936.0000	1882.0000
1016.7108	938.0000	1892.0000
1015.7196	906.0000	1824.0000
1014.7285	967.0000	1875.0000
1013.7373	952.0000	1936.0000
1012.7462	877.0000	1805.0000
1011.7550	927.0000	1852.0000
1010.7639	945.0000	1866.0000
1009.7727	922.0000	1834.0000
1008.7816	920.0000	1849.0000
1007.7904	915.0000	1832.0000
1006.7993	953.0000	1905.0000
1005.8081	856.0000	1809.0000
1004.8169	938.0000	1855.0000
1003.8257	963.0000	1898.0000
1002.8346	925.0000	1815.0000
1001.8434	912.0000	1812.0000
1000.8523	964.0000	1873.0000
999.8611	899.0000	1851.0000
998.8700	955.0000	1956.0000
997.8788	941.0000	1865.0000
996.8877	903.0000	1769.0000
995.8965	878.0000	1779.0000
994.9054	903.0000	1849.0000
993.9142	954.0000	1850.0000
992.9231	956.0000	1909.0000
991.9319	937.0000	1884.0000
990.9408	945.0000	1907.0000
989.9496	1034.0000	1988.0000
988.9584	947.0000	1883.0000
987.9673	1012.0000	1957.0000
986.9761	935.0000	1859.0000
985.9850	976.0000	1862.0000
984.9938	896.0000	1830.0000
984.0027	978.0000	1921.0000
983.0115	998.0000	1957.0000
982.0204	936.0000	1808.0000
981.0292	944.0000	1902.0000
980.0381	942.0000	1912.0000
979.0469	955.0000	1915.0000
978.0558	921.0000	1865.0000
977.0646	978.0000	1897.0000
976.0735	898.0000	1808.0000
975.0823	912.0000	1832.0000
974.0911	960.0000	1878.0000
973.1000	911.0000	1787.0000
972.1088	903.0000	1802.0000
971.1177	895.0000	1827.0000
970.1265	884.0000	1806.0000
969.1354	944.0000	1842.0000
968.1442	947.0000	1913.0000
967.1531	966.0000	1891.0000
966.1619	988.0000	1922.0000
965.1708	882.0000	1799.0000
964.1796	915.0000	1838.0000
963.1885	945.0000	1909.0000
962.1973	942.0000	1929.0000
961.2062	934.0000	1858.0000
960.2150	871.0000	1737.0000
959.2238	914.0000	1847.0000
958.2327	928.0000	1871.0000
957.2415	1027.0000	2004.0000
956.2504	1025.0000	2027.0000
955.2592	1084.0000	2097.0000
954.2681	1029.0000	2023.0000
953.2769	1002.0000	2005.0000
952.2858	979.0000	1892.0000
951.2946	949.0000	1914.0000
950.3035	923.0000	1908.0000
949.3123	926.0000	1813.0000
948.3212	896.0000	1845.0000
947.3300	938.0000	1898.0000
946.3389	938.0000	1861.0000
945.3477	931.0000	1869.0000
944.3566	918.0000	1848.0000
943.3654	951.0000	1886.0000
942.3742	937.0000	1850.0000
941.3831	944.0000	1911.0000
940.3919	974.0000	1915.0000
939.4008	918.0000	1869.0000
938.4096	998.0000	1937.0000
937.4185	970.0000	1959.0000
936.4273	974.0000	1970.0000
935.4362	997.0000	1900.0000
934.4450	975.0000	1954.0000
933.4539	930.0000	1900.0000
932.4627	979.0000	1898.0000
931.4716	939.0000	1886.0000
930.4804	994.0000	1990.0000
929.4893	981.0000	1918.0000
928.4980	1025.0000	2076.0000
927.5069	983.0000	2010.0000
926.5157	1075.0000	2068.0000
925.5246	1067.0000	2116.0000
924.5334	1100.0000	2178.0000
923.5423	1134.0000	2197.0000
922.5511	1124.0000	2230.0000
921.5600	1105.0000	2192.0000
920.5688	997.0000	2042.0000
919.5777	1068.0000	2206.0000
918.5865	1152.0000	2262.0000
917.5954	1308.0000	2630.0000
916.6042	1555.0000	3144.0000
915.6131	2042.0000	4098.0000
914.6219	1980.0000	3973.0000
913.6308	2064.0000	4019.0000
912.6396	1696.0000	3397.0000
911.6484	1405.0000	2786.0000
910.6573	1300.0000	2610.0000
909.6661	1320.0000	2584.0000
908.6750	1292.0000	2523.0000
907.6838	1260.0000	2472.0000
906.6927	1256.0000	2504.0000
905.7015	1245.0000	2454.0000
904.7104	1272.0000	2398.0000
903.7192	1305.0000	2530.0000
902.7281	1185.0000	2399.0000
901.7369	1294.0000	2521.0000
900.7458	1326.0000	2559.0000
899.7546	1265.0000	2574.0000
898.7635	1234.0000	2508.0000
897.7723	1332.0000	2607.0000
896.7811	1279.0000	2572.0000
895.7900	1400.0000	2697.0000
894.7988	1360.0000	2721.0000
893.8077	1382.0000	2717.0000
892.8165	1379.0000	2753.0000
891.8254	1388.0000	2696.0000
890.8342	1391.0000	2701.0000
889.8431	1343.0000	2703.0000
888.8519	1307.0000	2669.0000
887.8608	1406.0000	2837.0000
886.8696	1524.0000	3057.0000
885.8785	1620.0000	3242.0000
884.8873	1809.0000	3583.0000
883.8962	1782.0000	3663.0000
882.9050	1612.0000	3242.0000
881.9138	1619.0000	3306.0000
880.9227	1595.0000	3223.0000
879.9315	1546.0000	3024.0000
878.9404	1502.0000	2905.0000
877.9492	1407.0000	2786.0000
876.9581	1443.0000	2899.0000
875.9669	1429.0000	2815.0000
874.9758	1413.0000	2789.0000
873.9846	1404.0000	2790.0000
872.9935	1450.0000	2902.0000
872.0023	1408.0000	2805.0000
871.0112	1446.0000	2841.0000
870.0200	1507.0000	2941.0000
869.0289	1617.0000	3201.0000
868.0377	1500.0000	2992.0000
867.0465	1482.0000	2939.0000
866.0554	1409.0000	2838.0000
865.0642	1466.0000	2900.0000
864.0731	1444.0000	2927.0000
863.0819	1505.0000	2974.0000
862.0908	1406.0000	2758.0000
861.0996	1424.0000	2883.0000
860.1085	1440.0000	2869.0000
859.1173	1449.0000	2814.0000
858.1262	1523.0000	3024.0000
857.1350	1510.0000	3001.0000
856.1439	1436.0000	2858.0000
855.1527	1478.0000	2842.0000
854.1616	1394.0000	2783.0000
853.1704	1461.0000	2895.0000
852.1793	1521.0000	2933.0000
851.1880	1510.0000	2956.0000
850.1969	1465.0000	2849.0000
849.2057	1394.0000	2778.0000
848.2146	1428.0000	2879.0000
847.2234	1421.0000	2845.0000
846.2323	1445.0000	2837.0000
845.2411	1382.0000	2809.0000
844.2500	1407.0000	2822.0000
843.2589	1459.0000	2894.0000
842.2677	1341.0000	2716.0000
841.2766	1392.0000	2773.0000
840.2854	1346.0000	2745.0000
839.2943	1407.0000	2754.0000
838.3031	1398.0000	2747.0000
837.3120	1396.0000	2775.0000
836.3207	1445.0000	2797.0000
835.3296	1390.0000	2781.0000
834.3384	1449.0000	2800.0000
833.3473	1444.0000	2782.0000
832.3561	1457.0000	2929.0000
831.3650	1423.0000	2906.0000
830.3738	1386.0000	2725.0000
829.3827	1397.0000	2721.0000
828.3915	1392.0000	2789.0000
827.4004	1450.0000	2829.0000
826.4092	1448.0000	2866.0000
825.4181	1374.0000	2771.0000
824.4269	1342.0000	2673.0000
823.4358	1385.0000	2736.0000
822.4446	1386.0000	2783.0000
821.4535	1436.0000	2828.0000
820.4623	1446.0000	2815.0000
819.4711	1507.0000	2845.0000
818.4800	1425.0000	2870.0000
817.4888	1411.0000	2856.0000
816.4977	1428.0000	2827.0000
815.5065	1443.0000	2791.0000
814.5154	1407.0000	2821.0000
813.5242	1401.0000	2792.0000
812.5331	1381.0000	2794.0000
811.5419	1408.0000	2806.0000
810.5508	1407.0000	2768.0000
809.5596	1436.0000	2770.0000
808.5685	1457.0000	2841.0000
807.5773	1396.0000	2801.0000
806.5862	1410.0000	2814.0000
805.5950	1441.0000	2800.0000
804.6038	1406.0000	2792.0000
803.6127	1399.0000	2806.0000
802.6215	1411.0000	2819.0000
801.6304	1428.0000	2813.0000
800.6392	1392.0000	2776.0000
799.6481	1402.0000	2803.0000
798.6569	1374.0000	2794.0000
797.6658	1427.0000	2806.0000
796.6746	1411.0000	2756.0000
795.6835	1411.0000	2831.0000
794.6923	1383.0000	2717.0000
793.7012	1347.0000	2734.0000
792.7100	1414.0000	2812.0000
791.7189	1441.0000	2835.0000
790.7277	1390.0000	2738.0000
789.7365	1415.0000	2824.0000
788.7454	1380.0000	2802.0000
787.7542	1381.0000	2791.0000
786.7631	1406.0000	2840.0000
785.7719	1492.0000	2913.0000
784.7808	1363.0000	2735.0000
783.7896	1362.0000	2736.0000
782.7985	1376.0000	2766.0000
781.8073	1495.0000	2914.0000
780.8162	1384.0000	2752.0000
779.8250	1416.0000	2789.0000
778.8339	1431.0000	2921.0000
777.8427	1422.0000	2838.0000
776.8516	1495.0000	2978.0000
775.8604	1484.0000	2932.0000
774.8692	1513.0000	2973.0000
773.8781	1509.0000	2966.0000
772.8869	1540.0000	3042.0000
771.8958	1518.0000	2983.0000
770.9046	1539.0000	3049.0000
769.9135	1545.0000	3027.0000
768.9223	1511.0000	3086.0000
767.9312	1553.0000	3034.0000
766.9400	1507.0000	3069.0000
765.9489	1520.0000	2962.0000
764.9577	1497.0000	2983.0000
763.9666	1509.0000	2978.0000
762.9754	1514.0000	2999.0000
761.9843	1481.0000	2949.0000
760.9931	1508.0000	2986.0000
760.0020	1498.0000	2941.0000
759.0107	1417.0000	2936.0000
758.0196	1448.0000	2885.0000
757.0284	1428.0000	2849.0000
756.0373	1463.0000	2914.0000
755.0461	1480.0000	2904.0000
754.0550	1447.0000	2863.0000
753.0638	1487.0000	2958.0000
752.0727	1456.0000	2919.0000
751.0815	1443.0000	2867.0000
750.0904	1473.0000	2903.0000
749.0992	1466.0000	2915.0000
748.1081	1469.0000	2844.0000
747.1169	1415.0000	2917.0000
746.1258	1420.0000	2834.0000
745.1346	1429.0000	2868.0000
744.1434	1435.0000	2902.0000
743.1523	1480.0000	2915.0000
742.1611	1418.0000	2924.0000
741.1700	1413.0000	2849.0000
740.1788	1448.0000	2879.0000
739.1877	1431.0000	2897.0000
738.1965	1421.0000	2886.0000
737.2054	1480.0000	2957.0000
736.2142	1445.0000	2915.0000
735.2231	1414.0000	2852.0000
734.2319	1421.0000	2842.0000
733.2408	1449.0000	2957.0000
732.2496	1449.0000	2828.0000
731.2585	1464.0000	2904.0000
730.2673	1391.0000	2752.0000
729.2762	1421.0000	2846.0000
728.2850	1336.0000	2734.0000
727.2938	1427.0000	2843.0000
726.3027	1434.0000	2858.0000
725.3115	1398.0000	2792.0000
724.3204	1344.0000	2782.0000
723.3292	1398.0000	2838.0000
722.3381	1479.0000	2880.0000
721.3469	1383.0000	2802.0000
720.3558	1391.0000	2820.0000
719.3646	1410.0000	2849.0000
718.3735	1498.0000	2914.0000
717.3823	1424.0000	2848.0000
716.3912	1362.0000	2802.0000
715.4000	1481.0000	2870.0000
714.4089	1412.0000	2802.0000
713.4177	1425.0000	2884.0000
712.4265	1444.0000	2909.0000
711.4354	1463.0000	2827.0000
710.4442	1387.0000	2847.0000
709.4531	1404.0000	2793.0000
708.4619	1407.0000	2838.0000
707.4708	1358.0000	2758.0000
706.4796	1392.0000	2793.0000
705.4885	1426.0000	2892.0000
704.4973	1400.0000	2813.0000
703.5062	1431.0000	2850.0000
702.5150	1501.0000	2879.0000
701.5239	1435.0000	2902.0000
700.5327	1422.0000	2864.0000
699.5416	1413.0000	2854.0000
698.5504	1393.0000	2782.0000
697.5592	1390.0000	2799.0000
696.5681	1399.0000	2819.0000
695.5769	1374.0000	2796.0000
694.5858	1431.0000	2873.0000
693.5946	1391.0000	2790.0000
692.6035	1413.0000	2829.0000
691.6123	1379.0000	2824.0000
690.6212	1392.0000	2760.0000
689.6300	1414.0000	2809.0000
688.6389	1396.0000	2802.0000
687.6477	1402.0000	2762.0000
686.6566	1398.0000	2839.0000
685.6654	1415.0000	2817.0000
684.6743	1408.0000	2864.0000
683.6831	1452.0000	2865.0000
682.6919	1480.0000	2896.0000
681.7007	1452.0000	2863.0000
680.7096	1425.0000	2872.0000
679.7184	1349.0000	2689.0000
678.7273	1409.0000	2794.0000
677.7361	1385.0000	2795.0000
676.7450	1432.0000	2827.0000
675.7538	1427.0000	2827.0000
674.7627	1404.0000	2761.0000
673.7715	1424.0000	2785.0000
672.7804	1393.0000	2802.0000
671.7892	1432.0000	2880.0000
670.7981	1406.0000	2858.0000
669.8069	1397.0000	2741.0000
668.8158	1392.0000	2766.0000
667.8246	1423.0000	2863.0000
666.8334	1390.0000	2792.0000
665.8423	1435.0000	2772.0000
664.8511	1396.0000	2809.0000
663.8600	1432.0000	2847.0000
662.8688	1426.0000	2825.0000
661.8777	1430.0000	2821.0000
660.8865	1485.0000	2920.0000
659.8954	1390.0000	2772.0000
658.9042	1442.0000	2853.0000
657.9131	1427.0000	2841.0000
656.9219	1391.0000	2841.0000
655.9308	1415.0000	2870.0000
654.9396	1399.0000	2721.0000
653.9485	1385.0000	2849.0000
652.9573	1387.0000	2839.0000
651.9661	1475.0000	2827.0000
650.9750	1470.0000	2902.0000
649.9838	1453.0000	2895.0000
648.9927	1499.0000	2921.0000
648.0015	1371.0000	2867.0000
647.0104	1449.0000	2797.0000
646.0192	1424.0000	2829.0000
645.0281	1346.0000	2800.0000
644.0369	1460.0000	2869.0000
643.0458	1413.0000	2752.0000
642.0546	1374.0000	2904.0000
641.0635	1429.0000	2801.0000
640.0723	1439.0000	2853.0000
639.0812	1434.0000	2815.0000
638.0900	1367.0000	2747.0000
637.0988	1416.0000	2821.0000
636.1077	1461.0000	2870.0000
635.1165	1422.0000	2882.0000
634.1254	1419.0000	2823.0000
633.1342	1357.0000	2772.0000
632.1431	1443.0000	2864.0000
631.1519	1442.0000	2813.0000
630.1608	1448.0000	2840.0000
629.1696	1469.0000	2861.0000
628.1785	1362.0000	2823.0000
627.1873	1422.0000	2882.0000
626.1962	1409.0000	2835.0000
625.2050	1390.0000	2827.0000
624.2139	1417.0000	2778.0000
623.2227	1398.0000	2827.0000
622.2316	1398.0000	2823.0000
621.2404	1504.0000	2944.0000
620.2492	1336.0000	2784.0000
619.2581	1443.0000	2849.0000
618.2669	1475.0000	2921.0000
617.2758	1483.0000	2933.0000
616.2846	1445.0000	2940.0000
615.2935	1444.0000	2856.0000
614.3023	1385.0000	2762.0000
613.3112	1414.0000	2809.0000
612.3200	1398.0000	2834.0000
611.3289	1402.0000	2800.0000
610.3377	1373.0000	2776.0000
609.3466	1448.0000	2819.0000
608.3554	1442.0000	2816.0000
607.3643	1423.0000	2798.0000
606.3730	1355.0000	2716.0000
605.3819	1422.0000	2820.0000
604.3907	1445.0000	2893.0000
603.3996	1389.0000	2808.0000
602.4084	1456.0000	2868.0000
601.4173	1442.0000	2879.0000
600.4261	1381.0000	2773.0000
599.4350	1425.0000	2791.0000
598.4438	1417.0000	2794.0000
597.4527	1438.0000	2870.0000
596.4615	1414.0000	2800.0000
595.4704	1352.0000	2773.0000
594.4792	1402.0000	2784.0000
593.4881	1372.0000	2788.0000
592.4969	1366.0000	2755.0000
591.5058	1413.0000	2822.0000
590.5146	1473.0000	2896.0000
589.5234	1323.0000	2755.0000
588.5323	1416.0000	2799.0000
587.5411	1382.0000	2796.0000
586.5500	1376.0000	2809.0000
585.5588	1335.0000	2675.0000
584.5677	1370.0000	2754.0000
583.5765	1425.0000	2814.0000
582.5854	1377.0000	2751.0000
581.5942	1429.0000	2858.0000
580.6031	1401.0000	2758.0000
579.6119	1432.0000	2815.0000
578.6208	1411.0000	2831.0000
577.6296	1429.0000	2836.0000
576.6385	1427.0000	2815.0000
575.6473	1440.0000	2888.0000
574.6561	1418.0000	2808.0000
573.6650	1430.0000	2876.0000
572.6738	1406.0000	2776.0000
571.6827	1398.0000	2736.0000
570.6915	1394.0000	2851.0000
569.7004	1394.0000	2800.0000
568.7092	1422.0000	2884.0000
567.7181	1467.0000	2940.0000
566.7269	1475.0000	2864.0000
565.7358	1470.0000	2976.0000
564.7446	1485.0000	2934.0000
563.7535	1475.0000	2908.0000
562.7623	1426.0000	2852.0000
561.7712	1405.0000	2875.0000
560.7800	1517.0000	2927.0000
559.7888	1451.0000	2951.0000
558.7977	1508.0000	2972.0000
557.8065	1494.0000	2881.0000
556.8154	1430.0000	2871.0000
555.8242	1379.0000	2786.0000
554.8331	1442.0000	2884.0000
553.8419	1487.0000	2906.0000
552.8508	1439.0000	2841.0000
551.8596	1434.0000	2901.0000
550.8685	1461.0000	2836.0000
549.8773	1334.0000	2736.0000
548.8862	1464.0000	2925.0000
547.8950	1477.0000	2901.0000
546.9039	1465.0000	2836.0000
545.9127	1436.0000	2896.0000
544.9215	1408.0000	2823.0000
543.9304	1389.0000	2871.0000
542.9392	1435.0000	2896.0000
541.9481	1399.0000	2795.0000
540.9569	1388.0000	2865.0000
539.9658	1481.0000	2913.0000
538.9746	1454.0000	2875.0000
537.9835	1460.0000	2902.0000
536.9923	1449.0000	2889.0000
536.0012	1411.0000	2800.0000
535.0100	1373.0000	2784.0000
534.0189	1488.0000	2942.0000
533.0277	1433.0000	2862.0000
532.0366	1471.0000	2928.0000
531.0454	1428.0000	2854.0000
530.0543	1438.0000	2922.0000
529.0630	1439.0000	2944.0000
528.0719	1445.0000	2897.0000
527.0807	1475.0000	2916.0000
526.0896	1441.0000	2897.0000
525.0984	1532.0000	3074.0000
524.1073	1563.0000	3129.0000
523.1161	1504.0000	2977.0000
522.1250	1522.0000	2998.0000
521.1339	1543.0000	3060.0000
520.1427	1439.0000	2951.0000
519.1516	1557.0000	3150.0000
518.1604	1556.0000	3098.0000
517.1693	1553.0000	3048.0000
516.1781	1536.0000	3111.0000
515.1870	1591.0000	3150.0000
514.1957	1596.0000	3225.0000
513.2046	1607.0000	3250.0000
512.2134	1569.0000	3137.0000
511.2223	1592.0000	3123.0000
510.2311	1559.0000	3106.0000
509.2400	1537.0000	3074.0000
508.2488	1511.0000	3043.0000
507.2577	1571.0000	3145.0000
506.2665	1514.0000	3059.0000
505.2754	1534.0000	3051.0000
504.2842	1529.0000	3100.0000
503.2931	1489.0000	3016.0000
502.3019	1568.0000	3096.0000
501.3108	1561.0000	3015.0000
500.3196	1546.0000	3082.0000
499.3285	1414.0000	2931.0000
498.3373	1560.0000	3100.0000
497.3462	1479.0000	3058.0000
496.3550	1574.0000	3115.0000
495.3639	1563.0000	3074.0000
494.3727	1614.0000	3200.0000
493.3815	1569.0000	3146.0000
492.3904	1501.0000	3113.0000
491.3992	1542.0000	3104.0000
490.4081	1563.0000	3104.0000
489.4169	1572.0000	3137.0000
488.4258	1510.0000	2975.0000
487.4346	1531.0000	3104.0000
486.4435	1538.0000	3065.0000
485.4523	1500.0000	3099.0000
484.4612	1554.0000	3102.0000
483.4700	1460.0000	3070.0000
482.4789	1552.0000	3095.0000
481.4877	1542.0000	3065.0000
480.4966	1540.0000	3092.0000
479.5054	1480.0000	2967.0000
478.5142	1566.0000	3112.0000
477.5231	1518.0000	3001.0000
476.5319	1540.0000	3081.0000
475.5408	1571.0000	3094.0000
474.5496	1500.0000	3123.0000
473.5585	1534.0000	3060.0000
472.5673	1548.0000	3143.0000
471.5761	1611.0000	3221.0000
470.5850	1652.0000	3274.0000
469.5938	1781.0000	3486.0000
468.6027	1736.0000	3351.0000
467.6115	1596.0000	3125.0000
466.6204	1570.0000	3157.0000
465.6292	1652.0000	3217.0000
464.6381	1505.0000	3077.0000
463.6469	1578.0000	3135.0000
462.6558	1530.0000	3087.0000
461.6646	1558.0000	3101.0000
460.6735	1607.0000	3173.0000
459.6823	1587.0000	3166.0000
458.6912	1567.0000	3147.0000
457.7000	1581.0000	3133.0000
456.7088	1577.0000	3161.0000
455.7177	1636.0000	3257.0000
454.7265	1598.0000	3208.0000
453.7354	1522.0000	3167.0000
452.7442	1607.0000	3204.0000
451.7531	1607.0000	3174.0000
450.7619	1599.0000	3150.0000
449.7708	1603.0000	3232.0000
448.7796	1696.0000	3271.0000
447.7885	1700.0000	3305.0000
446.7973	1705.0000	3377.0000
445.8062	1622.0000	3294.0000
444.8150	1625.0000	3269.0000
443.8239	1613.0000	3201.0000
442.8327	1588.0000	3125.0000
441.8416	1681.0000	3364.0000
440.8504	1638.0000	3219.0000
439.8592	1640.0000	3271.0000
438.8681	1602.0000	3147.0000
437.8769	1611.0000	3249.0000
436.8858	1649.0000	3299.0000
435.8946	1602.0000	3246.0000
434.9035	1615.0000	3141.0000
433.9123	1621.0000	3264.0000
432.9211	1628.0000	3295.0000
431.9300	1634.0000	3258.0000
430.9388	1682.0000	3327.0000
429.9477	1673.0000	3393.0000
428.9565	1631.0000	3283.0000
427.9654	1564.0000	3148.0000
426.9742	1563.0000	3123.0000
425.9831	1642.0000	3311.0000
424.9919	1694.0000	3285.0000
424.0008	1545.0000	3218.0000
423.0096	1632.0000	3283.0000
422.0185	1600.0000	3221.0000
421.0273	1639.0000	3339.0000
420.0362	1621.0000	3230.0000
419.0450	1666.0000	3309.0000
418.0538	1624.0000	3228.0000
417.0627	1664.0000	3341.0000
416.0715	1639.0000	3337.0000
415.0804	1677.0000	3387.0000
414.0892	1711.0000	3353.0000
413.0981	1702.0000	3423.0000
412.1069	1753.0000	3486.0000
411.1158	1767.0000	3506.0000
410.1246	1752.0000	3559.0000
409.1335	1833.0000	3656.0000
408.1423	1809.0000	3629.0000
407.1512	1820.0000	3600.0000
406.1600	1778.0000	3474.0000
405.1689	1714.0000	3368.0000
404.1777	1764.0000	3451.0000
403.1865	1742.0000	3399.0000
402.1954	1734.0000	3403.0000
401.2042	1690.0000	3409.0000
400.2131	1776.0000	3534.0000
399.2219	1641.0000	3413.0000
398.2308	1698.0000	3463.0000
397.2396	1719.0000	3387.0000
396.2485	1733.0000	3419.0000
395.2573	1691.0000	3380.0000
394.2661	1775.0000	3532.0000
393.2750	1698.0000	3490.0000
392.2838	1756.0000	3479.0000
391.2927	1694.0000	3449.0000
390.3015	1728.0000	3424.0000
389.3104	1716.0000	3463.0000
388.3192	1773.0000	3514.0000
387.3281	1725.0000	3456.0000
386.3369	1734.0000	3449.0000
385.3458	1832.0000	3602.0000
384.3546	1766.0000	3562.0000
383.3635	1800.0000	3621.0000
382.3723	1854.0000	3682.0000
381.3812	1889.0000	3722.0000
380.3900	1843.0000	3704.0000
379.3988	1830.0000	3666.0000
378.4077	1807.0000	3591.0000
377.4165	1754.0000	3572.0000
376.4254	1855.0000	3681.0000
375.4342	1848.0000	3711.0000
374.4431	1815.0000	3651.0000
373.4519	1879.0000	3687.0000
372.4608	1782.0000	3628.0000
371.4696	1812.0000	3578.0000
370.4785	1859.0000	3776.0000
369.4873	1977.0000	3904.0000
368.4962	1974.0000	3929.0000
367.5050	1981.0000	4069.0000
366.5139	2002.0000	4029.0000
365.5227	2313.0000	4527.0000
364.5315	2600.0000	5327.0000
363.5404	2628.0000	5219.0000
362.5492	2539.0000	5008.0000
361.5581	2451.0000	4893.0000
360.5669	2537.0000	5112.0000
359.5758	2829.0000	5677.0000
358.5846	3077.0000	6179.0000
357.5935	2757.0000	5522.0000
356.6023	2474.0000	5021.0000
355.6111	2575.0000	5070.0000
354.6200	2525.0000	5055.0000
353.6288	2371.0000	5979.0000
352.6377	2427.0000	4773.0000
351.6465	2358.0000	4683.0000
350.6554	2383.0000	4765.0000
349.6642	2340.0000	4658.0000
348.6731	2388.0000	4745.0000
347.6819	2335.0000	4680.0000
346.6908	2435.0000	4756.0000
345.6996	2432.0000	4846.0000
344.7085	2332.0000	4714.0000
343.7173	2436.0000	4904.0000
342.7262	2452.0000	4940.0000
341.7350	2445.0000	4868.0000
340.7438	2452.0000	4913.0000
339.7527	2490.0000	5021.0000
338.7615	2483.0000	5056.0000
337.7704	2456.0000	4977.0000
336.7792	2465.0000	4973.0000
335.7881	2501.0000	5003.0000
334.7969	2551.0000	5023.0000
333.8058	2523.0000	5091.0000
332.8146	2472.0000	4935.0000
331.8235	2472.0000	4907.0000
330.8323	2542.0000	4939.0000
329.8412	2535.0000	5017.0000
328.8500	2480.0000	4938.0000
327.8589	2527.0000	5038.0000
326.8677	2466.0000	4897.0000
325.8765	2491.0000	4996.0000
324.8854	2561.0000	5006.0000
323.8942	2533.0000	5031.0000
322.9031	2506.0000	5025.0000
321.9119	2554.0000	5111.0000
320.9208	2535.0000	5010.0000
319.9296	2480.0000	5005.0000
318.9385	2589.0000	5166.0000
317.9473	2512.0000	5075.0000
316.9561	2519.0000	5033.0000
315.9650	2593.0000	5165.0000
314.9738	2625.0000	5201.0000
313.9827	2694.0000	5328.0000
312.9915	2717.0000	5401.0000
312.0004	2707.0000	5325.0000
311.0092	2800.0000	5522.0000
310.0181	2726.0000	5504.0000
309.0269	2849.0000	5647.0000
308.0358	2753.0000	5604.0000
307.0446	2905.0000	5731.0000
306.0535	2845.0000	5633.0000
305.0623	2874.0000	5708.0000
304.0712	2839.0000	5775.0000
303.0800	2846.0000	5752.0000
302.0888	2964.0000	5926.0000
301.0977	2993.0000	5856.0000
300.1065	2952.0000	5956.0000
299.1154	2942.0000	5900.0000
298.1242	2948.0000	5902.0000
297.1331	2938.0000	5908.0000
296.1419	3037.0000	5957.0000
295.1508	2948.0000	5834.0000
294.1596	2958.0000	5957.0000
293.1685	2986.0000	5867.0000
292.1773	2989.0000	5904.0000
291.1862	2984.0000	5952.0000
290.1950	2967.0000	5928.0000
289.2039	2961.0000	5832.0000
288.2127	3030.0000	5993.0000
287.2215	2925.0000	5840.0000
286.2304	2934.0000	5928.0000
285.2392	2994.0000	5995.0000
284.2481	3030.0000	6011.0000
283.2569	3041.0000	5986.0000
282.2658	2975.0000	6035.0000
281.2746	2957.0000	6064.0000
280.2834	3083.0000	6174.0000
279.2923	3026.0000	6048.0000
278.3011	3087.0000	6171.0000
277.3100	3088.0000	6182.0000
276.3188	3168.0000	6289.0000
275.3277	3189.0000	6411.0000
274.3365	3274.0000	6481.0000
273.3454	3247.0000	6434.0000
272.3542	3225.0000	6468.0000
271.3631	3285.0000	6533.0000
270.3719	3324.0000	6570.0000
269.3808	3301.0000	6618.0000
268.3896	3369.0000	6616.0000
267.3985	3373.0000	6696.0000
266.4073	3365.0000	6643.0000
265.4162	3354.0000	6650.0000
264.4250	3305.0000	6571.0000
263.4338	3286.0000	6586.0000
262.4427	3289.0000	6583.0000
261.4515	3282.0000	6548.0000
260.4604	3343.0000	6652.0000
259.4692	3237.0000	6501.0000
258.4781	3280.0000	6530.0000
257.4869	3312.0000	6582.0000
256.4958	3304.0000	6588.0000
255.5046	3308.0000	6668.0000
254.5135	3361.0000	6643.0000
253.5223	3291.0000	6598.0000
252.5312	3368.0000	6720.0000
251.5400	3330.0000	6654.0000
250.5488	3303.0000	6670.0000
249.5577	3352.0000	6642.0000
248.5665	3393.0000	6785.0000
247.5754	3356.0000	6692.0000
246.5842	3386.0000	6767.0000
245.5931	3461.0000	6793.0000
244.6019	3354.0000	6798.0000
243.6108	3391.0000	6787.0000
242.6196	3344.0000	6679.0000
241.6285	3355.0000	6782.0000
240.6373	3382.0000	6773.0000
239.6461	3388.0000	6715.0000
238.6550	3428.0000	6740.0000
237.6638	3442.0000	6889.0000
236.6727	3423.0000	6853.0000
235.6815	3389.0000	6817.0000
234.6904	3466.0000	6955.0000
233.6992	3425.0000	6787.0000
232.7081	3423.0000	6841.0000
231.7169	3487.0000	6937.0000
230.7258	3426.0000	6874.0000
229.7346	3399.0000	6914.0000
228.7435	3440.0000	6910.0000
227.7523	3446.0000	6922.0000
226.7612	3476.0000	6952.0000
225.7700	3476.0000	6987.0000
224.7788	3487.0000	6973.0000
223.7877	3433.0000	6887.0000
222.7965	3565.0000	7047.0000
221.8054	3521.0000	6953.0000
220.8142	3463.0000	6948.0000
219.8231	3528.0000	7025.0000
218.8319	3448.0000	6915.0000
217.8408	3464.0000	7006.0000
216.8496	3475.0000	6959.0000
215.8585	3479.0000	7009.0000
214.8673	3507.0000	7086.0000
213.8762	3424.0000	6964.0000
212.8850	3526.0000	7075.0000
211.8938	3533.0000	7041.0000
210.9027	3551.0000	7085.0000
209.9115	3580.0000	7133.0000
208.9204	3626.0000	7103.0000
207.9292	3592.0000	7144.0000
206.9381	3634.0000	7222.0000
205.9469	3586.0000	7258.0000
204.9558	3636.0000	7169.0000
203.9646	3625.0000	7316.0000
202.9735	3635.0000	7237.0000
201.9823	3654.0000	7237.0000
200.9911	3584.0000	7205.0000
